0 0.2616898148148148 0.8051215277777779 0.21967592592592594 0.07222222222222215
0 0.26578703703703704 0.7396354166666667 0.23562500000000003 0.09479166666666661
0 0.6480208333333334 0.7957118055555555 0.21512731481481479 0.08138888888888882
0 0.4487673611111111 0.7892013888888889 0.2169675925925926 0.10020833333333332
0 0.6443865740740741 0.7244097222222222 0.2232175925925926 0.10048611111111114
0 0.2636805555555556 0.6707465277777779 0.22951388888888885 0.10388888888888878
0 0.4545775462962963 0.7136284722222223 0.2229861111111111 0.08486111111111114
0 0.44737268518518514 0.5139583333333333 0.20896990740740745 0.08736111111111118
0 0.24561921296296294 0.4651215277777778 0.22946759259259258 0.10076388888888879
0 0.6218287037037037 0.4529166666666667 0.21678240740740726 0.08770833333333332
0 0.2478761574074074 0.5238541666666666 0.22888888888888886 0.061701388888888785
0 0.431869212962963 0.4522916666666667 0.19653935185185176 0.09149305555555572
0 0.45059606481481485 0.6657638888888889 0.21659722222222227 0.07520833333333332
0 0.2561400462962963 0.5992708333333333 0.22937500000000002 0.09451388888888879
0 0.2569328703703704 0.3874479166666667 0.22643518518518518 0.10687499999999997
0 0.6416493055555555 0.6453298611111111 0.2058912037037036 0.09034722222222218
0 0.603443287037037 0.5857812499999999 0.2383796296296296 0.06993055555555543
0 0.4369212962962964 0.3751215277777778 0.19968749999999993 0.09319444444444436
0 0.6320023148148148 0.5049652777777778 0.2105787037037036 0.0905555555555555
0 0.6236863425925926 0.3802951388888889 0.21388888888888893 0.10319444444444441
0 0.4303125 0.6101388888888889 0.2435300925925926 0.10138888888888893
0 0.5848958333333334 0.30743055555555554 0.23865740740740726 0.08868055555555561
0 0.3877662037037037 0.3158680555555556 0.19206018518518517 0.10534722222222222
0 0.23368634259259258 0.3207465277777778 0.1952314814814815 0.10861111111111113