0 0.7375 0.29921875 0.0515625 0.21640625
0 0.23984375 0.31484375 0.0703125 0.21484375
0 0.44765625 0.3171875 0.06875 0.240625
0 0.5140625 0.3125 0.065625 0.215625
0 0.51328125 0.509375 0.06953125 0.1828125
0 0.3796875 0.5140625 0.046875 0.15859375
0 0.659375 0.29296875 0.096875 0.19609375
0 0.38203125 0.33515625 0.0796875 0.221875
0 0.24453125 0.46328125 0.04765625 0.15390625
0 0.315625 0.3203125 0.10859375 0.2296875
0 0.41640625 0.6765625 0.1328125 0.2390625
0 0.58359375 0.30390625 0.0765625 0.20390625
0 0.59140625 0.478125 0.103125 0.21484375
0 0.65859375 0.484375 0.07578125 0.2328125
0 0.72109375 0.6734375 0.0796875 0.2234375
0 0.43046875 0.49140625 0.08515625 0.165625
0 0.66171875 0.68671875 0.07421875 0.19453125
0 0.540625 0.73671875 0.1203125 0.0875
0 0.303125 0.7203125 0.17578125 0.1765625
0 0.29140625 0.446875 0.07421875 0.11796875
0 0.296875 0.534375 0.19140625 0.221875
0 0.57265625 0.61015625 0.21171875 0.31796875
0 0.7234375 0.4921875 0.08671875 0.228125