0 0.26640625 0.25390625 0.24453125 0.053125
0 0.46484375 0.259375 0.25234375 0.07109375
0 0.64921875 0.2625 0.27109375 0.07109375
0 0.6296875 0.35703125 0.28515625 0.15859375
0 0.48359375 0.37734375 0.1953125 0.19296875
0 0.26328125 0.334375 0.203125 0.1078125
0 0.2453125 0.446875 0.20546875 0.2359375
0 0.35 0.4765625 0.15703125 0.071875
0 0.5859375 0.47421875 0.35859375 0.07734375
0 0.66875 0.4265625 0.19921875 0.0625
0 0.24921875 0.55390625 0.1640625 0.08359375
0 0.3015625 0.6234375 0.203125 0.08203125
0 0.33828125 0.690625 0.31796875 0.109375
0 0.52421875 0.58359375 0.2484375 0.19921875
0 0.3046875 0.759375 0.20859375 0.09609375
0 0.45859375 0.74609375 0.18671875 0.078125
0 0.54140625 0.709375 0.21640625 0.15703125
0 0.353125 0.57890625 0.16171875 0.17265625
0 0.709375 0.690625 0.209375 0.17109375
0 0.690625 0.56640625 0.1875 0.1578125