0 0.31875 0.45218749999999996 0.240625 0.11447916666666665
0 0.33203125 0.5419270833333334 0.265625 0.09583333333333321
0 0.28359375 0.7045312499999999 0.275 0.12145833333333336
0 0.72578125 0.7977083333333332 0.25 0.09791666666666679
0 0.5359375 0.5658333333333333 0.2875 0.11604166666666664
0 0.39921875 0.21791666666666668 0.284375 0.10958333333333332
0 0.6171875 0.23619791666666665 0.209375 0.12020833333333333
0 0.7265625 0.72734375 0.271875 0.11812500000000004
0 0.5375 0.4610416666666667 0.234375 0.1
0 0.55078125 0.30390625 0.234375 0.1140625
0 0.340625 0.39369791666666665 0.25625 0.11708333333333334
0 0.3421875 0.30687499999999995 0.240625 0.11604166666666664
0 0.79921875 0.24515624999999996 0.2234375 0.13208333333333327
0 0.7625 0.4694791666666667 0.271875 0.09312499999999986
0 0.55546875 0.385625 0.23125 0.12791666666666668
0 0.2671875 0.7892187500000001 0.253125 0.09968749999999993
0 0.7703125 0.4142708333333333 0.2625 0.11906250000000007
0 0.7484375 0.5618229166666666 0.2671875 0.11781249999999996
0 0.49921875 0.78390625 0.2375 0.12052083333333333
0 0.76796875 0.3253645833333333 0.259375 0.12510416666666666
0 0.5 0.6986979166666667 0.2609375 0.09864583333333332
0 0.728125 0.6616145833333333 0.26875 0.11791666666666671
0 0.2921875 0.6125520833333333 0.2546875 0.1216666666666665
0 0.5109375 0.6174999999999999 0.234375 0.090625