0 0.65390625 0.534375 0.23515625 0.0921875
0 0.67421875 0.203125 0.2453125 0.08125
0 0.6671875 0.2859375 0.26015625 0.1046875
0 0.41875 0.58984375 0.21484375 0.0953125
0 0.19375 0.73515625 0.2265625 0.1140625
0 0.22109375 0.17734375 0.2671875 0.07578125
0 0.44296875 0.203125 0.2640625 0.10234375
0 0.4359375 0.28515625 0.24140625 0.08828125
0 0.60546875 0.7671875 0.2609375 0.0875
0 0.6671875 0.37578125 0.2375 0.0953125
0 0.40703125 0.67734375 0.2171875 0.096875
0 0.434375 0.35390625 0.26015625 0.0875
0 0.22265625 0.33046875 0.26640625 0.10078125
0 0.640625 0.5953125 0.24609375 0.090625
0 0.43984375 0.52109375 0.25078125 0.08671875
0 0.3703125 0.75078125 0.209375 0.10625
0 0.2125 0.50234375 0.28203125 0.0578125
0 0.2046875 0.5609375 0.26875 0.090625
0 0.225 0.25546875 0.27421875 0.09296875
0 0.21796875 0.4140625 0.2703125 0.0921875
0 0.62734375 0.4453125 0.26171875 0.0703125
0 0.6375 0.68125 0.2453125 0.103125
0 0.215625 0.653125 0.25859375 0.1046875
0 0.41171875 0.415625 0.2671875 0.09921875