0 0.6858391203703704 0.26946180555555554 0.32076388888888874 0.16631944444444446
0 0.7488425925925926 0.7303124999999999 0.3739930555555556 0.13940972222222214
0 0.7227777777777777 0.40864583333333326 0.39490740740740726 0.21166666666666673
0 0.35767939814814814 0.5325173611111111 0.45761574074074074 0.15687500000000015
0 0.31683449074074077 0.18223958333333332 0.41640046296296296 0.17468750000000002
0 0.2714814814814815 0.28805555555555556 0.5028240740740741 0.18597222222222226
0 0.3482233796296296 0.4255729166666667 0.3602546296296296 0.14534722222222224
0 0.738269675925926 0.6319965277777777 0.3902083333333334 0.12104166666666671
0 0.6884664351851851 0.16928819444444443 0.31833333333333336 0.11944444444444446
0 0.36580439814814814 0.7646354166666667 0.4596064814814815 0.1350694444444443
0 0.30994212962962964 0.6376041666666666 0.4837962962962964 0.11999999999999993
0 0.7233969907407407 0.40550347222222227 0.4537731481481481 0.23326388888888888
0 0.7137962962962964 0.5371180555555556 0.36609953703703707 0.13767361111111107