0 0.3184895833333333 0.45169560185185187 0.24739583333333331 0.1064699074074074
0 0.28508680555555554 0.7960011574074074 0.255 0.09749999999999996
0 0.5642534722222222 0.3835474537037037 0.2053472222222222 0.11053240740740744
0 0.7934375 0.2187152777777778 0.2371875000000001 0.13871527777777776
0 0.5316319444444444 0.6926967592592593 0.24270833333333322 0.10622685185185184
0 0.2932118055555556 0.7113020833333333 0.26805555555555555 0.12314814814814809
0 0.32690972222222225 0.38883101851851853 0.2552777777777777 0.10999999999999996
0 0.5416319444444444 0.4533912037037037 0.21590277777777783 0.09391203703703717
0 0.7525000000000001 0.7967361111111112 0.27666666666666656 0.08925925925925923
0 0.7504340277777778 0.7141261574074074 0.2801388888888889 0.1050462962962964
0 0.7552430555555556 0.6381828703703704 0.280625 0.1269212962962964
0 0.3007638888888889 0.6172685185185186 0.2459722222222222 0.112638888888889
0 0.5374826388888889 0.2889525462962963 0.2336111111111112 0.11824074074074069
0 0.37307291666666664 0.2077372685185185 0.2802083333333334 0.10817129629629632
0 0.5233854166666667 0.7828645833333333 0.2851736111111112 0.12091435185185198
0 0.7587326388888889 0.5513831018518518 0.28336805555555566 0.10989583333333322
0 0.7709895833333333 0.45632523148148146 0.2919791666666667 0.07600694444444436
0 0.5456076388888889 0.6256423611111112 0.24555555555555558 0.093888888888889
0 0.32972222222222225 0.29738425925925926 0.26024305555555555 0.12274305555555554
0 0.3569791666666667 0.5456828703703703 0.2891319444444444 0.08834490740740755
0 0.7785590277777779 0.39662615740740736 0.2787152777777777 0.11121527777777782
0 0.7699131944444445 0.294068287037037 0.2685416666666667 0.1450231481481481
0 0.5625347222222222 0.5662384259259259 0.27100694444444445 0.11549768518518526
0 0.6234027777777778 0.2150462962962963 0.21326388888888878 0.115625