0 0.74453125 0.63203125 0.2796875 0.221875
0 0.18984375 0.45546875 0.28828125 0.1875
0 0.16796875 0.72734375 0.27109375 0.14375
0 0.32734375 0.63125 0.19375 0.25703125
0 0.609375 0.66328125 0.184375 0.25546875
0 0.30859375 0.34921875 0.265625 0.24375
0 0.15 0.62421875 0.20703125 0.20078125
0 0.6796875 0.45703125 0.26328125 0.221875
0 0.14140625 0.3171875 0.1265625 0.125
0 0.60859375 0.35390625 0.21640625 0.215625
0 0.440625 0.38984375 0.1109375 0.2328125
0 0.88359375 0.4375 0.22734375 0.2609375
0 0.1421875 0.49765625 0.1875 0.08046875
0 0.0765625 0.490625 0.05859375 0.0640625
0 0.40625 0.6375 0.21484375 0.39453125
0 0.24296875 0.35703125 0.15703125 0.13515625