0 0.7270833333333334 0.15136574074074075 0.25600694444444444 0.09283564814814813
0 0.7251967592592592 0.23491319444444442 0.27487268518518526 0.10092592592592595
0 0.5040277777777777 0.17383680555555556 0.25934027777777774 0.10694444444444447
0 0.26314814814814813 0.2585300925925926 0.28893518518518524 0.10113425925925927
0 0.4975347222222222 0.2627835648148148 0.2699999999999999 0.08835648148148145
0 0.5246180555555555 0.40377893518518515 0.29826388888888894 0.0981481481481481
0 0.7215162037037037 0.30281250000000004 0.27648148148148144 0.10407407407407412
0 0.25006365740740744 0.1661689814814815 0.2700694444444444 0.09304398148148149
0 0.755619212962963 0.5485763888888889 0.2734490740740741 0.11027777777777778
0 0.2682465277777778 0.33905671296296297 0.2684375 0.08833333333333329
0 0.5128298611111111 0.504363425925926 0.2577546296296296 0.1053587962962963
0 0.3132465277777778 0.42407986111111107 0.3137037037037037 0.08587962962962958
0 0.5223032407407407 0.6693113425925926 0.2467939814814816 0.10363425925925931
0 0.7484953703703704 0.6476678240740741 0.2704629629629629 0.11960648148148145
0 0.29999421296296297 0.5840046296296297 0.27960648148148143 0.10412037037037045
0 0.5287384259259259 0.5764583333333333 0.2454629629629629 0.11923611111111114
0 0.7377835648148148 0.3991261574074074 0.2795601851851853 0.10099537037037028
0 0.7754456018518517 0.7269560185185184 0.24243055555555557 0.1254398148148148
0 0.5827546296296295 0.7428472222222222 0.2109490740740739 0.10935185185185184
0 0.2957986111111111 0.6698611111111111 0.26099537037037035 0.11321759259259263
0 0.3565393518518518 0.7629282407407407 0.30920138888888893 0.09831018518518526
0 0.2826273148148148 0.5189178240740742 0.26710648148148153 0.10393518518518512
0 0.5053761574074074 0.3175752314814815 0.2620254629629629 0.07730324074074071
0 0.7561863425925927 0.481412037037037 0.27629629629629626 0.09157407407407411