0 0.82578125 0.32109375 0.2375 0.271875
0 0.65 0.7390625 0.24140625 0.27734375
0 0.725 0.5671875 0.371875 0.165625
0 0.36015625 0.3328125 0.20390625 0.215625
0 0.4375 0.74765625 0.2359375 0.25625
0 0.54609375 0.35234375 0.18125 0.2078125
0 0.80390625 0.759375 0.21328125 0.24765625
0 0.32890625 0.54921875 0.48125 0.13828125
0 0.23984375 0.30078125 0.19453125 0.2796875
0 0.7828125 0.1578125 0.303125 0.2578125
0 0.21796875 0.7484375 0.228125 0.234375
0 0.7421875 0.36875 0.24140625 0.20703125
0 0.471875 0.1890625 0.2140625 0.2140625