0 0.3265625 0.20390625 0.42890625 0.1625
0 0.271875 0.3234375 0.51328125 0.19765625
0 0.68828125 0.2921875 0.33203125 0.16484375
0 0.32265625 0.56015625 0.440625 0.14453125
0 0.68359375 0.56328125 0.37734375 0.140625
0 0.6984375 0.42578125 0.41015625 0.18984375
0 0.71796875 0.7609375 0.3375 0.1390625
0 0.3546875 0.45078125 0.3921875 0.14375
0 0.34140625 0.7859375 0.4875 0.14453125
0 0.71015625 0.66640625 0.35234375 0.11796875
0 0.2984375 0.6609375 0.4875 0.10859375
0 0.6890625 0.21328125 0.325 0.1515625