0 0.7482465277777777 0.7144965277777777 0.05729166666666678 0.16665509259259254
0 0.71953125 0.420775462962963 0.057083333333333285 0.16196759259259252
0 0.6663368055555555 0.4219675925925926 0.07305555555555543 0.17059027777777783
0 0.51453125 0.565306712962963 0.06333333333333328 0.16229166666666667
0 0.6678645833333333 0.5620543981481481 0.06586805555555557 0.18424768518518525
0 0.6931076388888889 0.7071759259259259 0.07211805555555557 0.18457175925925923
0 0.5247743055555556 0.725300925925926 0.04854166666666675 0.18023148148148138
0 0.6092708333333332 0.42414351851851856 0.07086805555555564 0.15644675925925924
0 0.7243229166666667 0.5638252314814814 0.07326388888888893 0.1752777777777778
0 0.6219444444444445 0.5683506944444444 0.06076388888888893 0.1746296296296297
0 0.6456250000000001 0.7135532407407407 0.07979166666666657 0.181851851851852
0 0.5037673611111112 0.42883101851851857 0.06618055555555565 0.15620370370370368
0 0.46284722222222224 0.4419155092592593 0.06972222222222228 0.16574074074074083
0 0.5629340277777779 0.4563020833333333 0.05343750000000007 0.18516203703703696
0 0.40770833333333334 0.4345949074074074 0.07569444444444447 0.1598148148148148
0 0.4650868055555556 0.5803993055555555 0.06802083333333328 0.16253472222222207
0 0.4092013888888889 0.5739004629629629 0.06937499999999996 0.15792824074074083
0 0.48791666666666667 0.7240798611111112 0.06729166666666657 0.18120370370370367
0 0.3671180555555556 0.6136689814814815 0.07541666666666665 0.15356481481481482
0 0.42652777777777773 0.7170833333333333 0.07809027777777793 0.1786458333333334
0 0.3544097222222223 0.4686805555555555 0.061111111111111074 0.1824421296296297
0 0.5845833333333333 0.714369212962963 0.07354166666666657 0.18152777777777765
0 0.37267361111111114 0.7386689814814815 0.07527777777777782 0.1504398148148148
0 0.5833333333333334 0.5805324074074074 0.07749999999999986 0.20043981481481482