0 0.6313078703703704 0.2860474537037037 0.13373842592592594 0.1454629629629629
0 0.5179398148148148 0.29193287037037036 0.17430555555555555 0.16780092592592588
0 0.5674768518518519 0.4066493055555556 0.2695023148148149 0.12915509259259253
0 0.39673032407407405 0.2872164351851852 0.16759259259259257 0.16122685185185182
0 0.5489583333333334 0.5296006944444445 0.15324074074074084 0.1355787037037036
0 0.2546875 0.26730324074074074 0.15127314814814818 0.15104166666666669
0 0.4367766203703704 0.5300578703703704 0.12222222222222215 0.13708333333333336
0 0.31820023148148147 0.3945081018518518 0.3049768518518519 0.12476851851851851
0 0.3236111111111111 0.5226215277777777 0.13414351851851852 0.12991898148148148
0 0.5580729166666666 0.6500636574074073 0.17714120370370381 0.14304398148148145
0 0.2417824074074074 0.5473958333333333 0.13865740740740745 0.1908564814814815
0 0.3831597222222222 0.6292303240740741 0.15370370370370362 0.14182870370370376
0 0.610619212962963 0.5547569444444445 0.17297453703703702 0.1708449074074075