0 0.7547569444444445 0.7493865740740742 0.2702430555555555 0.301886574074074
0 0.7358275462962963 0.29388310185185185 0.2567708333333332 0.28304398148148147
0 0.4828414351851852 0.6451099537037037 0.26312499999999994 0.2549768518518519
0 0.28650462962962964 0.32534722222222223 0.3165740740740741 0.2616203703703704
0 0.5000810185185185 0.41989583333333336 0.23171296296296298 0.2516203703703702
0 0.28921875 0.7997280092592594 0.2970949074074074 0.2474189814814814
0 0.26078125 0.5678182870370371 0.26296296296296295 0.2518518518518519
0 0.7425520833333333 0.529079861111111 0.2308217592592591 0.23443287037037025
0 0.4966608796296296 0.8513368055555557 0.2696643518518519 0.20035879629629605
0 0.27086805555555554 0.12929398148148147 0.2790162037037037 0.23010416666666664
0 0.7279513888888889 0.11184027777777779 0.25509259259259254 0.22055555555555556