0 0.2144675925925926 0.24041666666666667 0.08483796296296298 0.21820601851851854
0 0.24921875 0.44617476851851856 0.10069444444444446 0.22156249999999994
0 0.2617476851851852 0.6469212962962964 0.09103009259259257 0.2385879629629631
0 0.32977430555555554 0.6487094907407407 0.1137731481481481 0.22956018518518526
0 0.28686342592592595 0.24851273148148145 0.09774305555555554 0.2449305555555556
0 0.32123842592592594 0.4597280092592593 0.10532407407407404 0.24192129629629627
0 0.4119791666666666 0.6522685185185185 0.09965277777777785 0.20749999999999993
0 0.380005787037037 0.441869212962963 0.09988425925925934 0.21062499999999992
0 0.3467881944444445 0.2462789351851852 0.09832175925925926 0.21060185185185185
0 0.42563657407407407 0.24666666666666667 0.09924768518518512 0.22310185185185186
0 0.4368923611111112 0.4302256944444444 0.12164351851851851 0.25152777777777774
0 0.4717013888888889 0.6156944444444445 0.08148148148148149 0.257175925925926
0 0.5510416666666667 0.6543287037037038 0.10075231481481488 0.2012731481481481
0 0.5277488425925926 0.45576388888888886 0.08807870370370381 0.21981481481481496
0 0.5047164351851852 0.25017939814814816 0.0853587962962962 0.24630787037037036
0 0.5586805555555555 0.25175925925925924 0.10462962962962977 0.23254629629629625
0 0.5861979166666667 0.44414351851851847 0.1056712962962962 0.2044675925925926
0 0.6036747685185185 0.6379398148148148 0.09525462962962958 0.23240740740740745
0 0.6815104166666667 0.656261574074074 0.10266203703703702 0.20598379629629626
0 0.6658854166666666 0.46639467592592593 0.09380787037037024 0.19180555555555562
0 0.6361111111111111 0.2646122685185185 0.10729166666666679 0.2263425925925926
0 0.7048032407407407 0.2437789351851852 0.11782407407407405 0.19996527777777776
0 0.7252314814814815 0.3931365740740741 0.11354166666666661 0.22643518518518518
0 0.7533275462962963 0.6144039351851852 0.09131944444444447 0.26356481481481475