0 0.6747511574074074 0.7030381944444445 0.12162037037037035 0.2633101851851851
0 0.42384259259259255 0.6694733796296296 0.10681712962962955 0.2502893518518519
0 0.3825810185185185 0.4408854166666666 0.11857638888888893 0.23825231481481488
0 0.6862962962962963 0.4685763888888889 0.10488425925925923 0.2439814814814815
0 0.756875 0.7045138888888889 0.09900462962962955 0.25
0 0.2518460648148148 0.2027199074074074 0.13033564814814813 0.22621527777777778
0 0.8125405092592592 0.2540219907407407 0.08917824074074084 0.26834490740740746
0 0.1929803240740741 0.6147280092592593 0.10755787037037035 0.2627893518518519
0 0.469386574074074 0.45584490740740746 0.08126157407407408 0.23998842592592595
0 0.770943287037037 0.48032407407407407 0.11730324074074065 0.26938657407407407
0 0.6256828703703704 0.4608506944444445 0.09385416666666657 0.24201388888888892
0 0.5837152777777778 0.6934027777777778 0.11104166666666657 0.24265046296296297
0 0.2775694444444444 0.6538773148148148 0.11831018518518518 0.26006944444444446
0 0.29780092592592594 0.41817129629629635 0.1132407407407408 0.2271412037037038
0 0.3651157407407407 0.6563368055555555 0.10874999999999994 0.25659722222222214
0 0.5727430555555555 0.2443576388888889 0.1099537037037038 0.2769097222222222
0 0.7349189814814816 0.25584490740740745 0.11795138888888879 0.28032407407407406
0 0.4880960648148148 0.23260995370370371 0.06979166666666678 0.28321759259259255
0 0.5173726851851852 0.6502314814814815 0.08917824074074084 0.26834490740740746
0 0.6538541666666667 0.24971064814814814 0.11905092592592581 0.2725694444444445
0 0.42752893518518514 0.22410300925925924 0.1037962962962963 0.27824074074074073
0 0.5656307870370371 0.4304398148148148 0.11849537037037035 0.26319444444444445
0 0.3397048611111111 0.2263310185185185 0.10884259259259252 0.2581597222222222
0 0.22727430555555556 0.379542824074074 0.12390046296296298 0.22285879629629637