0 0.253125 0.19765625 0.22578125 0.07109375
0 0.46015625 0.2859375 0.23046875 0.08671875
0 0.65625 0.21484375 0.22109375 0.0734375
0 0.4453125 0.56640625 0.1890625 0.078125
0 0.45546875 0.4984375 0.203125 0.08359375
0 0.45234375 0.2171875 0.2234375 0.08984375
0 0.628125 0.6375 0.21953125 0.09609375
0 0.26328125 0.621875 0.23203125 0.09765625
0 0.2578125 0.409375 0.2328125 0.078125
0 0.26015625 0.26328125 0.2375 0.09140625
0 0.259375 0.334375 0.234375 0.09296875
0 0.653125 0.28515625 0.2328125 0.09375
0 0.24921875 0.5453125 0.2265625 0.07734375
0 0.65859375 0.35703125 0.20234375 0.084375
0 0.6296875 0.56875 0.22109375 0.075
0 0.24765625 0.48828125 0.240625 0.06796875
0 0.39765625 0.69921875 0.19140625 0.09609375
0 0.45859375 0.63828125 0.209375 0.0921875
0 0.65390625 0.509375 0.21484375 0.08359375
0 0.23046875 0.68984375 0.18046875 0.0921875
0 0.61171875 0.42890625 0.2484375 0.0625
0 0.59609375 0.71171875 0.2375 0.0734375
0 0.42265625 0.40390625 0.22578125 0.0859375
0 0.45390625 0.35390625 0.22109375 0.08984375