0 0.62421875 0.7078125 0.09296875 0.253125
0 0.4046875 0.66640625 0.10078125 0.26328125
0 0.25703125 0.39140625 0.11171875 0.20625
0 0.83359375 0.26953125 0.08203125 0.2578125
0 0.3140625 0.665625 0.10703125 0.2484375
0 0.459375 0.68984375 0.103125 0.2390625
0 0.22890625 0.60546875 0.09140625 0.2859375
0 0.325 0.45703125 0.1 0.23515625
0 0.71015625 0.7125 0.0828125 0.2734375
0 0.80390625 0.48828125 0.1046875 0.2578125
0 0.59296875 0.45390625 0.0984375 0.2921875
0 0.4828125 0.46640625 0.0890625 0.24140625
0 0.5546875 0.665625 0.07578125 0.275
0 0.5921875 0.24765625 0.09140625 0.25625
0 0.76015625 0.26953125 0.09296875 0.271875
0 0.4171875 0.45 0.11328125 0.23046875
0 0.50390625 0.2359375 0.07734375 0.2765625
0 0.27578125 0.20546875 0.12265625 0.2328125
0 0.35390625 0.23203125 0.10703125 0.26171875
0 0.44921875 0.228125 0.10703125 0.259375
0 0.715625 0.4859375 0.078125 0.26484375
0 0.653125 0.47578125 0.09921875 0.26328125
0 0.79921875 0.728125 0.07890625 0.26015625
0 0.6921875 0.2546875 0.12734375 0.2578125