0 0.3421527777777778 0.5265625 0.24500000000000002 0.0984375
0 0.35140625000000003 0.4359375 0.2690972222222222 0.078125
0 0.2958854166666667 0.2765625 0.27958333333333324 0.103125
0 0.7326215277777777 0.15390625 0.2536111111111111 0.08125
0 0.5536458333333334 0.3984375 0.29180555555555543 0.096875
0 0.4327951388888889 0.75546875 0.2884027777777778 0.090625
0 0.6493055555555556 0.72265625 0.21409722222222224 0.10625
0 0.7365277777777777 0.22421875 0.27631944444444445 0.1
0 0.5598611111111111 0.503125 0.23812500000000014 0.084375
0 0.5800868055555556 0.659375 0.23874999999999993 0.0984375
0 0.3665625 0.58359375 0.26069444444444445 0.1
0 0.37197916666666664 0.6703125 0.24506944444444442 0.1
0 0.8303993055555555 0.7015625 0.22864583333333358 0.1171875
0 0.7838194444444444 0.4796875 0.27520833333333333 0.075
0 0.5811284722222222 0.57734375 0.23625000000000007 0.1125
0 0.2757638888888889 0.19296875 0.25680555555555556 0.0828125
0 0.7940624999999999 0.534375 0.26701388888888894 0.1015625
0 0.7656944444444445 0.38828125 0.27163194444444444 0.1
0 0.50734375 0.1828125 0.24215277777777774 0.1046875
0 0.7956770833333333 0.6234375 0.26416666666666655 0.1078125
0 0.5119097222222222 0.26796875 0.26454861111111116 0.08125
0 0.7410069444444444 0.28984375 0.2731944444444444 0.1
0 0.30854166666666666 0.36796875 0.25934027777777785 0.1046875
0 0.5264236111111111 0.3484375 0.23770833333333333 0.075