0 0.5448784722222222 0.31243055555555554 0.10500000000000007 0.2552083333333333
0 0.2865277777777778 0.2884548611111111 0.12017361111111118 0.2805208333333334
0 0.7708159722222223 0.7860069444444445 0.13201388888888896 0.23083333333333336
0 0.19807291666666665 0.28651041666666666 0.09604166666666666 0.26437499999999997
0 0.6101215277777777 0.5487152777777778 0.11767361111111115 0.22427083333333328
0 0.19 0.7559027777777778 0.09225694444444446 0.2845833333333333
0 0.52078125 0.5444444444444445 0.07458333333333336 0.20302083333333343
0 0.7911631944444444 0.3640451388888889 0.106388888888889 0.28645833333333337
0 0.7124131944444445 0.5276736111111111 0.12631944444444443 0.24319444444444435
0 0.2665277777777778 0.7534201388888888 0.11767361111111115 0.2945138888888888
0 0.6093923611111111 0.32116319444444447 0.10840277777777771 0.2615277777777778
0 0.5298611111111111 0.7663368055555555 0.07100694444444429 0.29815972222222237
0 0.6950694444444444 0.75328125 0.124861111111111 0.28062499999999985
0 0.7010416666666666 0.3246006944444445 0.12131944444444435 0.27118055555555554
0 0.5903298611111112 0.7720312500000001 0.109236111111111 0.28027777777777774
0 0.35100694444444447 0.7538888888888888 0.12513888888888883 0.28687500000000005
0 0.3681770833333333 0.524375 0.1113888888888889 0.2584722222222222
0 0.43532986111111105 0.7332465277777778 0.11350694444444435 0.34124999999999994
0 0.43440972222222224 0.5541840277777779 0.13187499999999996 0.29795138888888884
0 0.45067708333333334 0.3395486111111111 0.09104166666666665 0.29236111111111107
0 0.38123263888888886 0.29026041666666663 0.10982638888888889 0.2584375
0 0.20621527777777776 0.5225 0.11697916666666668 0.2788888888888888
0 0.7929340277777778 0.57984375 0.10124999999999992 0.17083333333333323
0 0.2967361111111111 0.5181423611111111 0.1114583333333334 0.26003472222222224