0 0.6366666666666666 0.51 0.2705208333333333 0.1611458333333335
0 0.614375 0.3757291666666667 0.3979166666666666 0.27541666666666664
0 0.370625 0.47437500000000005 0.2947916666666666 0.17520833333333333
0 0.5746354166666666 0.7095312500000001 0.4189583333333333 0.21770833333333323
0 0.5446354166666667 0.23598958333333334 0.40895833333333337 0.16104166666666667
0 0.31578125 0.32265625 0.2705208333333333 0.16114583333333332
0 0.39385416666666667 0.7404166666666667 0.20927083333333324 0.15239583333333329
0 0.4021354166666667 0.6056770833333334 0.2820833333333333 0.17125000000000004
0 0.4560416666666667 0.3902083333333334 0.07333333333333343 0.1666666666666666
0 0.5747916666666667 0.711875 0.42489583333333325 0.21343749999999986
0 0.6463541666666666 0.6553125 0.28395833333333337 0.19937499999999986
0 0.5421875 0.7878125 0.14333333333333337 0.05