0 0.24921875 0.2 0.22421875 0.0734375
0 0.653125 0.21640625 0.21796875 0.0734375
0 0.2578125 0.26796875 0.23671875 0.08359375
0 0.45234375 0.2953125 0.21640625 0.07734375
0 0.64921875 0.28984375 0.2296875 0.09296875
0 0.44140625 0.2171875 0.203125 0.09296875
0 0.44921875 0.4875 0.19609375 0.065625
0 0.24921875 0.48671875 0.23984375 0.05234375
0 0.4390625 0.34765625 0.21484375 0.0734375
0 0.65234375 0.365625 0.21328125 0.08359375
0 0.42890625 0.56171875 0.17578125 0.08515625
0 0.253125 0.33046875 0.22734375 0.0953125
0 0.24453125 0.53828125 0.234375 0.07890625
0 0.253125 0.41015625 0.234375 0.0828125
0 0.63359375 0.5609375 0.22734375 0.08125
0 0.6109375 0.428125 0.24296875 0.06328125
0 0.640625 0.5109375 0.21484375 0.0796875
0 0.26015625 0.6234375 0.2296875 0.1015625
0 0.43828125 0.6421875 0.1796875 0.0890625
0 0.6328125 0.64140625 0.228125 0.09375
0 0.390625 0.703125 0.18671875 0.0921875
0 0.59765625 0.71328125 0.24375 0.0765625
0 0.23828125 0.6921875 0.203125 0.0953125
0 0.425 0.4078125 0.23828125 0.09375