0 0.7253819444444444 0.2634548611111111 0.16090277777777792 0.3210648148148148
0 0.27444444444444444 0.2590277777777778 0.14593749999999997 0.37042824074074077
0 0.45588541666666665 0.27421875 0.15121527777777785 0.3487847222222221
0 0.4952256944444445 0.6311631944444445 0.162638888888889 0.430324074074074
0 0.8365625 0.6169560185185186 0.16920138888888908 0.40248842592592593
0 0.592013888888889 0.2558738425925926 0.2085416666666667 0.4101851851851852
0 0.59453125 0.6118344907407407 0.15333333333333332 0.36134259259259255
0 0.36388888888888893 0.26432291666666663 0.1301388888888889 0.4010416666666667
0 0.7246875 0.6703993055555555 0.18993055555555555 0.4828125
0 0.2692708333333333 0.635619212962963 0.1508333333333333 0.4454861111111111
0 0.3897222222222222 0.6695023148148148 0.12354166666666674 0.46319444444444446
0 0.8126909722222223 0.2735243055555555 0.1397916666666667 0.3374421296296296