0 0.3265625 0.68984375 0.10625 0.271875
0 0.65234375 0.715625 0.08125 0.2671875
0 0.2578125 0.4015625 0.1109375 0.21796875
0 0.85546875 0.2515625 0.0796875 0.26171875
0 0.23671875 0.6359375 0.09375 0.303125
0 0.33515625 0.46640625 0.10078125 0.23828125
0 0.48125 0.70625 0.1 0.26328125
0 0.60234375 0.46015625 0.10078125 0.30390625
0 0.41875 0.684375 0.1015625 0.28359375
0 0.74140625 0.7171875 0.09296875 0.28984375
0 0.778125 0.25390625 0.1 0.27734375
0 0.58125 0.671875 0.07734375 0.30625
0 0.83203125 0.475 0.1046875 0.253125
0 0.60546875 0.24140625 0.0953125 0.28125
0 0.74609375 0.48359375 0.0890625 0.271875
0 0.428125 0.4609375 0.1109375 0.23984375
0 0.45625 0.228125 0.10859375 0.27109375
0 0.83125 0.73203125 0.090625 0.27109375
0 0.50546875 0.46875 0.090625 0.2546875
0 0.525 0.23515625 0.0765625 0.2890625
0 0.2796875 0.21015625 0.1234375 0.240625
0 0.70234375 0.25546875 0.08671875 0.2625
0 0.365625 0.240625 0.11015625 0.278125
0 0.6734375 0.48046875 0.09453125 0.2625