0 0.6524479166666667 0.5218923611111111 0.25197916666666664 0.10202546296296297
0 0.19866319444444444 0.2817071759259259 0.2445833333333333 0.12037037037037042
0 0.6553125 0.780150462962963 0.26499999999999985 0.12611111111111092
0 0.4381597222222222 0.45055555555555554 0.23809027777777772 0.10910879629629626
0 0.4328645833333334 0.7592303240740741 0.2692013888888889 0.10447916666666686
0 0.6549826388888889 0.6894039351851852 0.24593750000000014 0.11107638888888882
0 0.6526736111111111 0.8637037037037038 0.2425694444444444 0.09997685185185183
0 0.19225694444444447 0.8515625 0.2735416666666667 0.08909722222222208
0 0.6507638888888889 0.45688657407407407 0.25982638888888887 0.10399305555555553
0 0.4137673611111111 0.8442766203703703 0.2867361111111112 0.12099537037037038
0 0.6099652777777778 0.2866087962962963 0.27694444444444455 0.10175925925925924
0 0.20503472222222224 0.7693171296296296 0.28329861111111115 0.1067708333333334
0 0.42451388888888886 0.3606828703703704 0.19906250000000014 0.10864583333333337
0 0.20430555555555557 0.5205555555555555 0.28718750000000004 0.07107638888888879
0 0.20647569444444444 0.4580960648148148 0.27072916666666663 0.10299768518518526
0 0.3755729166666667 0.27523726851851854 0.22104166666666672 0.11446759259259257
0 0.44286458333333334 0.5204108796296296 0.2458333333333334 0.106388888888889
0 0.4170138888888889 0.6277893518518518 0.3022222222222222 0.1155555555555555
0 0.41015625 0.690005787037037 0.24868055555555557 0.09405092592592582
0 0.2101215277777778 0.6108043981481481 0.2802083333333333 0.1081712962962964
0 0.21864583333333334 0.3679976851851852 0.25555555555555554 0.12249999999999997
0 0.19874999999999998 0.7001620370370369 0.2742361111111111 0.12034722222222208
0 0.6604861111111111 0.37135416666666665 0.24923611111111105 0.1190509259259259
0 0.6198958333333333 0.6140625 0.29229166666666656 0.09006944444444435