0 0.5751215277777778 0.45413194444444444 0.2643750000000001 0.22884259259259263
0 0.6985763888888888 0.6992592592592592 0.2993402777777778 0.25591435185185196
0 0.4246180555555556 0.22269097222222226 0.25909722222222237 0.27249999999999996
0 0.3533159722222222 0.4253761574074074 0.26819444444444446 0.2601388888888888
0 0.19119791666666666 0.23396412037037034 0.24850694444444446 0.287962962962963
0 0.8919965277777777 0.6986979166666666 0.21600694444444457 0.2656944444444445
0 0.14020833333333332 0.4363483796296296 0.20243055555555559 0.2529166666666667
0 0.4725868055555555 0.6932291666666666 0.24250000000000008 0.22851851851851848
0 0.66203125 0.2504340277777778 0.2616319444444445 0.3162731481481481
0 0.8610590277777778 0.23888888888888887 0.22940972222222236 0.27206018518518515
0 0.2538368055555556 0.6964699074074074 0.2679166666666667 0.2476388888888888