0 0.28342013888888895 0.34734375 0.2578240740740741 0.12333333333333325
0 0.24151041666666667 0.7480729166666666 0.2763425925925926 0.10895833333333335
0 0.5648032407407407 0.30432291666666667 0.20467592592592593 0.11822916666666661
0 0.5051388888888889 0.6366145833333333 0.29824074074074075 0.1119791666666666
0 0.708431712962963 0.9027604166666666 0.25740740740740725 0.09520833333333342
0 0.2851793981481482 0.43973958333333335 0.27960648148148143 0.11854166666666668
0 0.7040856481481481 0.8266145833333333 0.2780671296296296 0.11999999999999993
0 0.5012384259259259 0.37203125000000004 0.24210648148148142 0.11604166666666664
0 0.47909143518518515 0.8640104166666667 0.2609490740740741 0.12354166666666658
0 0.29060763888888885 0.6011979166666667 0.30120370370370375 0.10124999999999992
0 0.3448611111111111 0.2646354166666667 0.30138888888888893 0.11374999999999993
0 0.2616435185185185 0.49760416666666674 0.2577083333333333 0.11552083333333343
0 0.23148148148148148 0.8443750000000001 0.2732407407407408 0.11031249999999986
0 0.2464699074074074 0.6772395833333333 0.25903935185185184 0.1
0 0.49495949074074075 0.5319270833333333 0.26069444444444445 0.10635416666666657
0 0.7605729166666666 0.3392708333333333 0.23930555555555558 0.13770833333333332
0 0.7215219907407407 0.6526041666666667 0.2764351851851853 0.11520833333333336
0 0.7385069444444444 0.5090625 0.2703240740740741 0.12416666666666672
0 0.4749189814814815 0.7761458333333333 0.27160879629629625 0.10552083333333329
0 0.5108333333333334 0.46338541666666666 0.23604166666666657 0.128125
0 0.7296585648148148 0.42010416666666667 0.26880787037037024 0.12718749999999995
0 0.7313773148148148 0.5680208333333333 0.2822916666666666 0.0890625
0 0.7067476851851853 0.7525000000000001 0.2654745370370371 0.11291666666666664
0 0.48670138888888886 0.71984375 0.2698842592592593 0.09447916666666671