0 0.14383680555555553 0.20969328703703702 0.26618055555555553 0.3158564814814815
0 0.3083333333333333 0.750925925925926 0.27923611111111113 0.20081018518518512
0 0.33043402777777775 0.61953125 0.2199305555555556 0.20173611111111106
0 0.3043576388888889 0.1497974537037037 0.27079861111111114 0.24265046296296294
0 0.7617534722222221 0.7474247685185185 0.2394444444444444 0.2368055555555557
0 0.5670138888888889 0.22996238425925924 0.23559027777777786 0.4599247685185185
0 0.7429340277777777 0.32277199074074076 0.2617361111111112 0.25636574074074064
0 0.5514583333333334 0.6434027777777778 0.21267361111111108 0.5074652777777777
0 0.3482986111111111 0.2623263888888889 0.21052083333333335 0.19982638888888893
0 0.1759548611111111 0.529079861111111 0.24246527777777774 0.2322337962962962
0 0.7449479166666666 0.5189525462962963 0.25670138888888905 0.2405671296296296
0 0.3411284722222222 0.4322627314814815 0.2151041666666667 0.1953125
0 0.7562152777777778 0.14635416666666665 0.24555555555555558 0.230787037037037