0 0.62421875 0.7 0.09609375 0.25390625
0 0.31015625 0.66015625 0.10546875 0.2484375
0 0.75859375 0.25234375 0.0921875 0.2734375
0 0.459375 0.68125 0.103125 0.25078125
0 0.24921875 0.38125 0.1125 0.2140625
0 0.31953125 0.44453125 0.10234375 0.23984375
0 0.47734375 0.45625 0.0875 0.25
0 0.39921875 0.65859375 0.0984375 0.2671875
0 0.70859375 0.7015625 0.08046875 0.2796875
0 0.8296875 0.253125 0.07890625 0.2546875
0 0.21953125 0.6015625 0.09296875 0.29453125
0 0.58203125 0.44921875 0.12109375 0.29453125
0 0.80390625 0.48046875 0.10390625 0.2546875
0 0.41171875 0.44296875 0.109375 0.23828125
0 0.79765625 0.71875 0.0859375 0.26171875
0 0.5515625 0.64921875 0.07421875 0.29140625
0 0.71796875 0.48125 0.08203125 0.275
0 0.5890625 0.234375 0.09609375 0.265625
0 0.503125 0.225 0.0734375 0.28359375
0 0.44375 0.21484375 0.1078125 0.2625
0 0.27109375 0.19140625 0.1203125 0.2328125
0 0.353125 0.221875 0.10859375 0.26484375
0 0.63828125 0.47421875 0.07265625 0.25546875
0 0.690625 0.24921875 0.08984375 0.26015625