0 0.4734375 0.68125 0.0984375 0.24140625
0 0.5640625 0.66796875 0.078125 0.265625
0 0.7234375 0.71640625 0.10390625 0.27421875
0 0.84609375 0.27421875 0.08046875 0.25078125
0 0.6015625 0.4640625 0.09765625 0.28671875
0 0.24453125 0.60078125 0.08984375 0.28359375
0 0.27734375 0.3828125 0.10703125 0.20859375
0 0.77578125 0.2734375 0.1 0.271875
0 0.496875 0.4625 0.08515625 0.23359375
0 0.340625 0.44921875 0.0984375 0.23515625
0 0.41640625 0.659375 0.09921875 0.25703125
0 0.3296875 0.6578125 0.10078125 0.240625
0 0.2984375 0.20078125 0.1171875 0.2234375
0 0.5203125 0.2375 0.07578125 0.271875
0 0.42265625 0.44453125 0.11328125 0.23046875
0 0.80703125 0.7328125 0.0828125 0.25390625
0 0.465625 0.2296875 0.1015625 0.2625
0 0.61171875 0.2515625 0.09921875 0.2671875
0 0.8171875 0.50078125 0.1046875 0.2375
0 0.3765625 0.23203125 0.1078125 0.25859375
0 0.73203125 0.5 0.08203125 0.2609375
0 0.71015625 0.271875 0.10078125 0.26875
0 0.63203125 0.7078125 0.1046875 0.2546875
0 0.6515625 0.4890625 0.07421875 0.234375