0 0.67109375 0.284375 0.31171875 0.159375
0 0.71015625 0.74609375 0.3671875 0.13203125
0 0.70078125 0.42421875 0.38359375 0.20390625
0 0.3296875 0.53984375 0.45078125 0.14765625
0 0.30703125 0.1890625 0.4078125 0.165625
0 0.25625 0.29375 0.49296875 0.17421875
0 0.32578125 0.4328125 0.353125 0.13828125
0 0.7046875 0.64765625 0.384375 0.1125
0 0.67890625 0.184375 0.31328125 0.1125
0 0.32578125 0.771875 0.45234375 0.125
0 0.2765625 0.64375 0.47890625 0.10859375
0 0.7015625 0.42109375 0.4421875 0.2234375
0 0.68515625 0.55234375 0.36015625 0.1296875