0 0.34154513888888893 0.29899305555555555 0.3195833333333333 0.17326388888888894
0 0.32300347222222225 0.7589756944444445 0.37302083333333336 0.14756944444444448
0 0.31807291666666665 0.4375173611111111 0.3934027777777779 0.22020833333333326
0 0.6943055555555555 0.5696354166666667 0.4565277777777778 0.16687499999999994
0 0.7013715277777778 0.21986111111111112 0.4151736111111111 0.18375000000000002
0 0.7530208333333334 0.32680555555555557 0.49395833333333333 0.1969444444444445
0 0.6934548611111111 0.46277777777777784 0.359236111111111 0.1531944444444445
0 0.3240972222222222 0.66078125 0.3893750000000001 0.12958333333333344
0 0.32928819444444446 0.19864583333333333 0.3175 0.12638888888888894
0 0.7085243055555556 0.8018402777777778 0.45868055555555554 0.14513888888888893
0 0.7520486111111111 0.6759027777777777 0.48298611111111106 0.13062500000000005
0 0.3171527777777778 0.4343576388888889 0.45211805555555556 0.24309027777777778
0 0.3393923611111111 0.5663368055555555 0.36513888888888885 0.14565972222222215