0 0.7581423611111111 0.7883854166666667 0.22548611111111114 0.06729166666666657
0 0.7818576388888889 0.29874421296296294 0.18820601851851854 0.09670138888888893
0 0.7661805555555556 0.5025231481481482 0.23791666666666664 0.05800925925925924
0 0.36733217592592593 0.7604918981481481 0.21300925925925923 0.07032407407407408
0 0.6232060185185185 0.28975694444444444 0.19760416666666672 0.09989583333333325
0 0.752962962962963 0.7219444444444445 0.23187499999999997 0.08608796296296291
0 0.5649884259259259 0.7619560185185186 0.2131712962962963 0.09219907407407409
0 0.38473379629629634 0.4731365740740741 0.2131018518518518 0.08282407407407408
0 0.570787037037037 0.49013888888888885 0.20681712962962956 0.07809027777777793
0 0.5628761574074075 0.6877256944444444 0.2255787037037038 0.07979166666666675
0 0.7620659722222223 0.579832175925926 0.2287384259259259 0.08450231481481474
0 0.37383101851851847 0.6886689814814815 0.2194212962962963 0.09224537037037024
0 0.4348148148148148 0.2735185185185185 0.2349652777777777 0.08142361111111107
0 0.3913888888888889 0.4224074074074074 0.22093749999999995 0.0860069444444445
0 0.7605150462962963 0.3704571759259259 0.22259259259259262 0.09851851851851849
0 0.5812442129629629 0.4253761574074074 0.2021643518518518 0.0827430555555555
0 0.5862962962962963 0.5800925925925926 0.24443287037037037 0.09399305555555557
0 0.7720601851851852 0.45256944444444447 0.22871527777777773 0.08137731481481474
0 0.5710879629629629 0.6362268518518519 0.2161458333333334 0.07190972222222207
0 0.7555729166666667 0.6524363425925926 0.22881944444444446 0.09543981481481474
0 0.5806597222222222 0.34646990740740746 0.19124999999999998 0.08578703703703709
0 0.37326388888888895 0.6121064814814815 0.20687499999999998 0.08590277777777793
0 0.41268518518518515 0.5553703703703704 0.2426273148148148 0.06116898148148149
0 0.38924768518518515 0.3442708333333333 0.20695601851851855 0.09684027777777775