0 0.4060243055555556 0.36578125 0.14267361111111115 0.24787037037037035
0 0.29594328703703704 0.3148842592592593 0.191724537037037 0.18528935185185186
0 0.5925810185185185 0.5712210648148148 0.10956018518518533 0.22658564814814816
0 0.5624537037037036 0.43523148148148144 0.17181712962962975 0.31745370370370374
0 0.6539988425925927 0.763582175925926 0.10613425925925916 0.2061805555555555
0 0.2821875 0.49330439814814814 0.18747685185185184 0.21483796296296304
0 0.6482465277777777 0.3753009259259259 0.07800925925925917 0.2053472222222222
0 0.2622858796296296 0.5731481481481481 0.1116898148148148 0.15949074074074082
0 0.3011111111111111 0.7164236111111111 0.1190509259259259 0.23467592592592598
0 0.7094965277777778 0.3982002314814815 0.0754398148148148 0.24275462962962974
0 0.502193287037037 0.5318402777777778 0.07166666666666668 0.19891203703703705
0 0.5725173611111111 0.7455497685185184 0.07807870370370366 0.21003472222222222
0 0.41722222222222227 0.5418171296296297 0.08374999999999985 0.17115740740740754
0 0.36570023148148145 0.7011574074074074 0.08152777777777782 0.23200231481481487
0 0.4285358796296296 0.7256655092592592 0.07229166666666664 0.24109953703703707
0 0.6972453703703704 0.5727604166666667 0.08145833333333333 0.2273148148148149
0 0.3708969907407408 0.5248263888888889 0.052453703703703704 0.1671064814814816
0 0.557488425925926 0.31092013888888886 0.06365740740740744 0.07997685185185191
0 0.4998032407407408 0.3178009259259259 0.05136574074074076 0.0936689814814815
0 0.7252430555555556 0.7758449074074074 0.053009259259259166 0.20460648148148158
0 0.2245486111111111 0.7141550925925927 0.07826388888888891 0.2225347222222222
0 0.21839120370370368 0.40395254629629634 0.041875000000000016 0.0855787037037036
0 0.6417997685185185 0.5726793981481482 0.0828819444444445 0.2179861111111112
0 0.5066608796296297 0.7279803240740741 0.08784722222222215 0.23687500000000022