0 0.81765625 0.1854340277777778 0.09166666666666679 0.25166666666666665
0 0.7539583333333333 0.1930902777777778 0.08937500000000007 0.26409722222222226
0 0.6953125 0.4057986111111111 0.10093750000000004 0.25031250000000005
0 0.7784375000000001 0.39927083333333335 0.115625 0.2365972222222222
0 0.4725 0.4130902777777778 0.10343750000000007 0.2410069444444444
0 0.5015625 0.18777777777777777 0.08958333333333339 0.26722222222222225
0 0.7657812500000001 0.62421875 0.0966666666666665 0.23305555555555557
0 0.6869791666666666 0.6244097222222222 0.11822916666666679 0.25225694444444446
0 0.67078125 0.1886979166666667 0.11645833333333329 0.24909722222222222
0 0.5996354166666666 0.6240104166666667 0.10749999999999993 0.23173611111111114
0 0.6379166666666667 0.4008333333333334 0.09395833333333332 0.23923611111111107
0 0.40390625 0.40057291666666667 0.10489583333333333 0.2160763888888889
0 0.4421875 0.18909722222222222 0.10145833333333325 0.25812500000000005
0 0.38447916666666665 0.6100694444444444 0.1036458333333334 0.24413194444444458
0 0.5846875 0.1929513888888889 0.10489583333333333 0.26288194444444446
0 0.5358333333333334 0.5864236111111112 0.08656249999999996 0.26871527777777793
0 0.34979166666666667 0.19427083333333334 0.12229166666666665 0.24298611111111112
0 0.4461458333333333 0.6211805555555555 0.09989583333333343 0.23468750000000008
0 0.30052083333333335 0.6173958333333334 0.115625 0.2365972222222222
0 0.3151041666666667 0.4103472222222223 0.10989583333333339 0.22086805555555564
0 0.24953124999999998 0.36421875000000004 0.11354166666666661 0.2053472222222222
0 0.22359374999999998 0.5777604166666667 0.10166666666666666 0.2612500000000001
0 0.5760416666666666 0.38114583333333335 0.11770833333333322 0.26784722222222224
0 0.2733333333333333 0.18270833333333333 0.11749999999999998 0.21791666666666662