0 0.65390625 0.54453125 0.240625 0.0953125
0 0.44375 0.203125 0.2734375 0.10390625
0 0.43828125 0.28984375 0.2484375 0.09375
0 0.1765625 0.7453125 0.2328125 0.12578125
0 0.41171875 0.60078125 0.21484375 0.10234375
0 0.671875 0.2875 0.2609375 0.10625
0 0.6796875 0.20546875 0.2421875 0.0859375
0 0.21640625 0.1734375 0.278125 0.07890625
0 0.6 0.78203125 0.26171875 0.09375
0 0.2109375 0.33125 0.26171875 0.09609375
0 0.6390625 0.60625 0.24921875 0.096875
0 0.434375 0.53046875 0.2578125 0.08671875
0 0.21796875 0.25546875 0.27734375 0.1015625
0 0.3671875 0.746875 0.24921875 0.14609375
0 0.19609375 0.57109375 0.2734375 0.096875
0 0.66484375 0.3796875 0.2421875 0.09609375
0 0.440625 0.35625 0.26484375 0.10390625
0 0.209375 0.41796875 0.27890625 0.1015625
0 0.403125 0.6859375 0.234375 0.096875
0 0.209375 0.66875 0.271875 0.10703125
0 0.6421875 0.69765625 0.2421875 0.1046875
0 0.60859375 0.44921875 0.27421875 0.07421875
0 0.4046875 0.41640625 0.265625 0.10625
0 0.2015625 0.50859375 0.2921875 0.07109375