0 0.511545138888889 0.5575752314814815 0.09537037037037024 0.21379629629629626
0 0.4921296296296297 0.37104166666666666 0.0890625 0.21214120370370368
0 0.7104166666666667 0.3553009259259259 0.10219907407407405 0.22951388888888893
0 0.325 0.7760821759259259 0.10381944444444446 0.1889351851851851
0 0.78984375 0.5581423611111112 0.10046296296296298 0.22480324074074076
0 0.45135995370370363 0.5787905092592592 0.09143518518518512 0.19187499999999993
0 0.7827835648148149 0.34641203703703705 0.07974537037037024 0.21356481481481476
0 0.7144965277777777 0.5498784722222222 0.08680555555555554 0.23553240740740744
0 0.7514178240740741 0.7447511574074074 0.09305555555555553 0.23562499999999992
0 0.3082175925925926 0.618431712962963 0.10300925925925926 0.20922453703703708
0 0.36597222222222225 0.5738020833333334 0.09641203703703702 0.19975694444444442
0 0.659230324074074 0.5561689814814815 0.08020833333333321 0.22606481481481477
0 0.8187210648148149 0.746880787037037 0.07395833333333321 0.2259722222222223
0 0.39707754629629627 0.7593807870370369 0.10509259259259256 0.22331018518518525
0 0.4372106481481481 0.3867071759259259 0.09270833333333321 0.22625000000000012
0 0.2875289351851852 0.4186284722222222 0.08715277777777786 0.24490740740740743
0 0.6308449074074074 0.3596064814814815 0.09519675925925916 0.20910879629629625
0 0.6921585648148149 0.748755787037037 0.09895833333333322 0.2263425925925926
0 0.35870949074074077 0.37770833333333337 0.10190972222222214 0.22170138888888893
0 0.5261574074074075 0.7621585648148148 0.06348379629629619 0.23831018518518512
0 0.47858796296296297 0.7652083333333334 0.08674768518518512 0.23396990740740725
0 0.6108796296296296 0.7491782407407408 0.09473379629629619 0.2387731481481481
0 0.573582175925926 0.39641203703703703 0.07453703703703703 0.2415972222222223
0 0.6021122685185185 0.575775462962963 0.10277777777777786 0.24513888888888893
0 0.3514756944444445 0.8577662037037037 0.0674768518518519 0.05097222222222229
0 0.7739583333333334 0.7201851851851853 0.04450231481481488 0.1474537037037038