0 0.08969618055555556 0.7445775462962964 0.17939236111111112 0.34535879629629634
0 0.10736689814814815 0.4738773148148148 0.2147337962962963 0.2318518518518518
0 0.21399305555555553 0.7999189814814814 0.2971527777777777 0.22405092592592588
0 0.2688136574074074 0.7068460648148148 0.23502314814814812 0.22844907407407397
0 0.26282407407407404 0.5305787037037037 0.2504398148148148 0.17275462962962962
0 0.24919560185185183 0.3775636574074074 0.3046759259259259 0.1930787037037037
0 0.28119791666666666 0.23372685185185188 0.28531249999999997 0.26113425925925926
0 0.4785243055555556 0.6809722222222223 0.22108796296296304 0.5197106481481482
0 0.5123842592592592 0.2812731481481482 0.22134259259259254 0.47136574074074067
0 0.7214583333333333 0.23972800925925924 0.24108796296296298 0.2255092592592593
0 0.6980266203703704 0.437037037037037 0.2601851851851853 0.17928240740740745
0 0.6813541666666666 0.6259375 0.2681365740740741 0.2871412037037036
0 0.6656018518518518 0.8125173611111112 0.24990740740740733 0.21641203703703696