0 0.70703125 0.2578125 0.05390625 0.20625
0 0.41796875 0.29140625 0.071875 0.2375
0 0.20859375 0.3015625 0.0703125 0.23671875
0 0.4890625 0.2828125 0.0671875 0.21796875
0 0.55546875 0.271875 0.075 0.2015625
0 0.3578125 0.48828125 0.04921875 0.15859375
0 0.35625 0.31171875 0.07734375 0.22734375
0 0.63203125 0.4484375 0.08046875 0.22109375
0 0.6390625 0.259375 0.09453125 0.1984375
0 0.28359375 0.3015625 0.109375 0.24453125
0 0.56875 0.45078125 0.10703125 0.22109375
0 0.4859375 0.478125 0.071875 0.18828125
0 0.40625 0.475 0.0796875 0.16875
0 0.39921875 0.64921875 0.14140625 0.24375
0 0.69375 0.6328125 0.084375 0.23203125
0 0.64140625 0.6578125 0.071875 0.18984375
0 0.28203125 0.7 0.1765625 0.17421875
0 0.53984375 0.71171875 0.0609375 0.078125
0 0.55234375 0.5859375 0.203125 0.321875
0 0.2546875 0.44375 0.12890625 0.1609375
0 0.134375 0.678125 0.028125 0.17890625
0 0.2734375 0.51484375 0.20234375 0.21875
0 0.6953125 0.46640625 0.08203125 0.225