0 0.37613425925925925 0.76875 0.12289351851851844 0.22893518518518513
0 0.4806886574074074 0.7570428240740741 0.15710648148148146 0.2791666666666668
0 0.7516608796296296 0.6121296296296296 0.13668981481481488 0.2509027777777778
0 0.7260300925925927 0.7942708333333333 0.1386226851851852 0.2571643518518519
0 0.5975462962962963 0.7749189814814814 0.15994212962962956 0.24795138888888885
0 0.5347627314814816 0.5824999999999999 0.15072916666666672 0.19790509259259254
0 0.6500520833333333 0.6136631944444444 0.1518518518518519 0.2432060185185186
0 0.714681712962963 0.3664178240740741 0.1381481481481483 0.22280092592592596
0 0.495931712962963 0.36803819444444447 0.14549768518518533 0.2150462962962963
0 0.402505787037037 0.3632638888888889 0.10202546296296297 0.21940972222222221
0 0.6035590277777778 0.3703645833333334 0.12481481481481485 0.20864583333333328