0 0.6541666666666666 0.46667245370370375 0.21662037037037046 0.1375694444444445
0 0.41318865740740734 0.7318229166666667 0.2507638888888888 0.10682870370370381
0 0.6558564814814816 0.6947974537037037 0.21983796296296312 0.15011574074074083
0 0.44515625 0.5127893518518519 0.1853356481481482 0.1324189814814815
0 0.4101331018518518 0.6356944444444445 0.24481481481481476 0.14736111111111114
0 0.6471990740740741 0.5806192129629629 0.20406250000000004 0.12957175925925918
0 0.6597048611111112 0.3706712962962963 0.22100694444444446 0.09701388888888882
0 0.26830439814814816 0.47111111111111115 0.2744791666666666 0.14467592592592596
0 0.23335069444444442 0.7088483796296297 0.23821759259259262 0.10039351851851848
0 0.24492476851851852 0.5840335648148148 0.23231481481481478 0.147175925925926
0 0.256556712962963 0.36157407407407405 0.23357638888888888 0.10657407407407415