0 0.17424768518518519 0.2169328703703704 0.09537037037037037 0.24709490740740742
0 0.19673032407407406 0.4389409722222222 0.12858796296296293 0.2568518518518518
0 0.20202546296296298 0.6619675925925926 0.1012731481481481 0.27081018518518524
0 0.2804861111111111 0.6486979166666667 0.12249999999999997 0.25960648148148147
0 0.28142939814814816 0.44019097222222225 0.10752314814814819 0.27118055555555554
0 0.23817708333333334 0.22568287037037038 0.09222222222222225 0.2765046296296296
0 0.3094849537037037 0.2104861111111111 0.11856481481481485 0.24379629629629634
0 0.34291666666666665 0.4169560185185185 0.11657407407407402 0.2654861111111112
0 0.3712731481481481 0.6464525462962962 0.11479166666666671 0.231111111111111
0 0.4382523148148148 0.593113425925926 0.09082175925925924 0.2795370370370371
0 0.4048495370370371 0.4023148148148148 0.11269675925925923 0.2808333333333334
0 0.4009722222222222 0.20663194444444444 0.11032407407407412 0.2651157407407408
0 0.4813194444444445 0.19951967592592595 0.08688657407407412 0.26372685185185185
0 0.5054456018518518 0.4229976851851852 0.09908564814814813 0.22862268518518522
0 0.5319675925925926 0.6322280092592593 0.1139814814814816 0.215486111111111
0 0.5437789351851852 0.19503472222222223 0.100138888888889 0.24893518518518523
0 0.5683333333333334 0.39654513888888887 0.11832175925925928 0.23910879629629633
0 0.5816145833333334 0.60734375 0.10358796296296298 0.25537037037037036
0 0.6672974537037037 0.6124537037037037 0.10805555555555557 0.2213657407407407
0 0.65453125 0.4267013888888889 0.09770833333333329 0.20206018518518523
0 0.6219328703703704 0.20607638888888888 0.11584490740740741 0.2514236111111111
0 0.6950983796296296 0.18136574074074074 0.10649305555555558 0.2212731481481481
0 0.7154571759259258 0.33218749999999997 0.11791666666666671 0.23129629629629625
0 0.747181712962963 0.5661863425925926 0.10800925925925924 0.28055555555555556