0 0.66640625 0.5453125 0.23984375 0.09296875
0 0.71015625 0.20390625 0.246875 0.084375
0 0.46015625 0.20234375 0.26796875 0.1046875
0 0.23671875 0.1734375 0.28046875 0.07890625
0 0.1953125 0.7484375 0.228125 0.12265625
0 0.69609375 0.2875 0.2671875 0.10625
0 0.425 0.6 0.2140625 0.1046875
0 0.44921875 0.2890625 0.23671875 0.090625
0 0.6578125 0.6078125 0.2484375 0.0984375
0 0.6109375 0.7859375 0.275 0.0953125
0 0.45078125 0.528125 0.2625 0.0859375
0 0.390625 0.6921875 0.259375 0.10625
0 0.21484375 0.5765625 0.2734375 0.09921875
0 0.22890625 0.4203125 0.2796875 0.1
0 0.22265625 0.66484375 0.26796875 0.1078125
0 0.4359375 0.36484375 0.240625 0.0734375
0 0.2375 0.2625 0.275 0.0921875
0 0.653125 0.69921875 0.24609375 0.10703125
0 0.22734375 0.32890625 0.26015625 0.096875
0 0.628125 0.45078125 0.2765625 0.07734375
0 0.42421875 0.4171875 0.27109375 0.10390625
0 0.6984375 0.38359375 0.23671875 0.096875
0 0.3703125 0.7515625 0.2421875 0.13046875
0 0.21015625 0.50546875 0.30234375 0.071875