0 0.20625 0.74484375 0.075 0.2299999999999999
0 0.2171875 0.3448958333333333 0.071875 0.21885416666666666
0 0.2953125 0.5349999999999999 0.0765625 0.23322916666666665
0 0.2203125 0.54625 0.090625 0.22479166666666667
0 0.2671875 0.7376562499999999 0.0859375 0.2432291666666666
0 0.49453125 0.72328125 0.059375 0.2445833333333333
0 0.28828125 0.3409375 0.0953125 0.23447916666666674
0 0.35078125 0.5398958333333332 0.071875 0.23135416666666658
0 0.50078125 0.5259895833333333 0.06875 0.21395833333333342
0 0.56171875 0.5328645833333333 0.084375 0.19937499999999986
0 0.3671875 0.3348958333333333 0.084375 0.21656250000000005
0 0.5421875 0.7240104166666667 0.078125 0.23645833333333321
0 0.4109375 0.7288541666666667 0.08125 0.2397916666666667
0 0.33671875 0.7338020833333333 0.09375 0.234375
0 0.56015625 0.33843750000000006 0.0796875 0.22718749999999996
0 0.4296875 0.3690104166666667 0.059375 0.2445833333333333
0 0.64140625 0.32286458333333334 0.0921875 0.21552083333333344
0 0.62734375 0.7120833333333334 0.096875 0.21895833333333314
0 0.50234375 0.33526041666666667 0.0703125 0.2171875
0 0.64140625 0.5181770833333333 0.0875 0.21052083333333335
0 0.7 0.5588020833333334 0.1 0.21291666666666664
0 0.71328125 0.35869791666666667 0.075 0.24718750000000006
0 0.40859375 0.5508854166666667 0.090625 0.2544791666666667
0 0.696875 0.7160416666666667 0.090625 0.19510416666666686