0 0.7136284722222223 0.7549363425925926 0.2648842592592592 0.12162037037037035
0 0.6763252314814815 0.5011574074074074 0.2516550925925925 0.10681712962962955
0 0.4469270833333333 0.4330439814814815 0.2398032407407406 0.11857638888888893
0 0.47913194444444446 0.7387037037037036 0.24532407407407408 0.10488425925925923
0 0.7163194444444445 0.836875 0.2512499999999999 0.09900462962962955
0 0.20662037037037034 0.2747164351851852 0.22795138888888883 0.13033564814814813
0 0.266255787037037 0.8390219907407406 0.2694328703703704 0.08917824074074047
0 0.6181192129629629 0.2648321759259259 0.2641550925925927 0.10755787037037035
0 0.46318287037037037 0.521238425925926 0.24098379629629624 0.08126157407407408
0 0.4921412037037037 0.824369212962963 0.2708912037037038 0.11730324074074083
0 0.4705034722222223 0.6774421296296296 0.24319444444444435 0.09385416666666657
0 0.7026388888888888 0.6631597222222222 0.24408564814814823 0.11104166666666657
0 0.6585532407407407 0.35368055555555555 0.2615972222222222 0.11831018518518518
0 0.4229398148148148 0.34594907407407405 0.22862268518518522 0.1132407407407408
0 0.6623090277777777 0.4411342592592592 0.2579861111111111 0.10875000000000004
0 0.2530381944444445 0.5991319444444445 0.2782986111111111 0.1099537037037038
0 0.2669328703703704 0.7619560185185186 0.2818287037037037 0.11795138888888897
0 0.2400289351851852 0.5134664351851852 0.2840046296296296 0.06979166666666678
0 0.658449074074074 0.5920023148148148 0.2694328703703704 0.08917824074074084
0 0.2595949074074074 0.6805208333333332 0.2740972222222222 0.11905092592592581
0 0.230619212962963 0.45215856481481487 0.2795370370370371 0.1037962962962963
0 0.43917824074074074 0.6140567129629629 0.2647222222222222 0.11849537037037035
0 0.2315509259259259 0.36498263888888893 0.25954861111111105 0.10884259259259252
0 0.3832349537037037 0.2711631944444444 0.22450231481481478 0.12390046296296298