0 0.718923611111111 0.3604166666666667 0.17309027777777786 0.3388541666666667
0 0.25535300925925924 0.2950520833333333 0.17100694444444448 0.4088541666666667
0 0.44354745370370374 0.6905729166666668 0.16111111111111107 0.4362500000000001
0 0.576244212962963 0.3219270833333333 0.21736111111111106 0.3979166666666667
0 0.7960069444444444 0.7320833333333333 0.17442129629629619 0.41687499999999994
0 0.5541377314814815 0.6861979166666667 0.15596064814814808 0.38135416666666677
0 0.6856770833333334 0.75984375 0.19635416666666677 0.4803125
0 0.3466435185185185 0.28312499999999996 0.12511574074074083 0.3902083333333334
0 0.7940393518518519 0.3622916666666667 0.1556712962962962 0.3314583333333333
0 0.323900462962963 0.7280208333333332 0.13969907407407406 0.48937500000000006
0 0.20526620370370371 0.6746875 0.13587962962962957 0.47041666666666676
0 0.44667245370370373 0.33130208333333333 0.14259259259259255 0.3991666666666666