0 0.5224074074074074 0.6932291666666666 0.41131944444444457 0.2555092592592594
0 0.5049652777777778 0.8554976851851851 0.4045833333333334 0.1944791666666667
0 0.469230324074074 0.49443287037037037 0.34430555555555564 0.2301273148148148
0 0.14580439814814813 0.37331018518518516 0.29160879629629627 0.19974537037037035
0 0.769230324074074 0.8202835648148149 0.370775462962963 0.22935185185185175
0 0.7823668981481482 0.6250173611111112 0.3673726851851852 0.22457175925925926
0 0.15033564814814815 0.23114583333333333 0.3006712962962963 0.16854166666666667
0 0.755474537037037 0.43169560185185185 0.44622685185185185 0.21287037037037032
0 0.795625 0.25601273148148146 0.38942129629629624 0.20182870370370373
0 0.13907407407407407 0.5795833333333333 0.27814814814814814 0.2105439814814815
0 0.1349189814814815 0.7608564814814816 0.269837962962963 0.18724537037037034