0 0.1828125 0.2541319444444444 0.09979166666666668 0.25652777777777774
0 0.31875 0.4740972222222222 0.09500000000000001 0.2548611111111111
0 0.25692708333333336 0.7086284722222222 0.09156250000000003 0.25010416666666657
0 0.23354166666666668 0.47520833333333334 0.11760416666666665 0.24288194444444447
0 0.33703125 0.7013715277777778 0.12687500000000007 0.26493055555555556
0 0.3950520833333333 0.4684895833333333 0.08770833333333332 0.23909722222222224
0 0.5459375 0.4432291666666667 0.11145833333333321 0.22090277777777773
0 0.3385416666666667 0.24284722222222221 0.11822916666666661 0.25225694444444446
0 0.7071354166666667 0.43182291666666667 0.10802083333333332 0.2161458333333334
0 0.73765625 0.1737326388888889 0.12822916666666656 0.2150347222222222
0 0.42708333333333337 0.6907638888888888 0.11906250000000007 0.2413541666666667
0 0.6094791666666667 0.4222569444444444 0.11031250000000004 0.22711805555555564
0 0.26166666666666666 0.25159722222222225 0.12468750000000002 0.2555208333333333
0 0.6570833333333332 0.20916666666666667 0.11843749999999993 0.25538194444444445
0 0.7356770833333333 0.6369618055555556 0.10802083333333332 0.23954861111111114
0 0.4689583333333333 0.45041666666666663 0.06906250000000007 0.21684027777777787
0 0.5620312500000001 0.2034548611111111 0.11374999999999993 0.2552777777777778
0 0.8109895833333333 0.5813020833333333 0.10364583333333358 0.26753472222222213
0 0.4882291666666666 0.6221180555555555 0.10760416666666668 0.30350694444444437
0 0.7655208333333332 0.3569791666666666 0.12645833333333342 0.21187500000000004
0 0.4258854166666667 0.22682291666666665 0.12791666666666668 0.2571527777777778
0 0.5806770833333333 0.6591840277777778 0.10645833333333332 0.2395138888888889
0 0.44708333333333333 0.46263888888888893 0.1380208333333334 0.33850694444444435
0 0.5105208333333333 0.21711805555555555 0.12458333333333335 0.2773611111111111
0 0.6404166666666666 0.6398611111111111 0.11968750000000003 0.27413194444444444