0 0.3367766203703703 0.19140625 0.24600694444444446 0.1875
0 0.34751157407407407 0.37578125 0.2424189814814815 0.259375
0 0.5780092592592593 0.48203125 0.20711805555555554 0.234375
0 0.8038773148148148 0.6109375 0.2528935185185183 0.246875
0 0.7583622685185185 0.39453125 0.29924768518518513 0.2328125
0 0.802806712962963 0.83515625 0.280613425925926 0.2359375
0 0.615451388888889 0.69140625 0.2497685185185185 0.246875
0 0.6205150462962963 0.89140625 0.23350694444444448 0.1875
0 0.35691550925925924 0.5875 0.22251157407407404 0.228125
0 0.3572048611111111 0.78515625 0.24675925925925926 0.25
0 0.7555266203703704 0.2125 0.2623842592592592 0.2078125