0 0.6972511574074074 0.70625 0.272974537037037 0.1140625
0 0.7546875 0.44296875 0.21076388888888892 0.20625
0 0.6991030092592593 0.77734375 0.24699074074074065 0.0875
0 0.7559895833333333 0.33046875 0.20526620370370363 0.1
0 0.46967592592592594 0.72109375 0.203125 0.16875
0 0.2783564814814815 0.70234375 0.19097222222222224 0.178125
0 0.29864004629629626 0.575 0.18223379629629638 0.153125
0 0.38385416666666666 0.365625 0.30636574074074074 0.171875
0 0.6515046296296296 0.5890625 0.18425925925925918 0.165625
0 0.5477430555555556 0.38203125 0.2447916666666668 0.196875
0 0.7483796296296296 0.63125 0.14386574074074082 0.0875
0 0.4653356481481481 0.5828125 0.23182870370370381 0.184375
0 0.528587962962963 0.265625 0.24155092592592595 0.0671875
0 0.422974537037037 0.4515625 0.34409722222222233 0.09375
0 0.57109375 0.73828125 0.17303240740740744 0.115625
0 0.31883680555555555 0.42421875 0.16348379629629636 0.06875
0 0.7394675925925925 0.559375 0.19363425925925917 0.08125
0 0.3279513888888889 0.48046875 0.16446759259259255 0.053125
0 0.7480324074074074 0.26328125 0.21122685185185192 0.05
0 0.6519386574074074 0.47421875 0.10868055555555553 0.065625
0 0.6586516203703704 0.36015625 0.056365740740740834 0.0875
0 0.47077546296296297 0.4765625 0.1911458333333334 0.05625
0 0.35355902777777776 0.26484375 0.27442129629629636 0.06875