0 0.51171875 0.81328125 0.18828125 0.21328125
0 0.2625 0.521875 0.1734375 0.159375
0 0.56875 0.67265625 0.2921875 0.11953125
0 0.60546875 0.521875 0.1796875 0.13046875
0 0.640625 0.815625 0.15234375 0.18046875
0 0.35625 0.82578125 0.1890625 0.21875
0 0.44921875 0.49453125 0.29921875 0.19921875
0 0.56640625 0.375 0.203125 0.14296875
0 0.1796875 0.84453125 0.1828125 0.20390625
0 0.24765625 0.6796875 0.384375 0.1234375
0 0.16484375 0.48828125 0.15234375 0.23046875
0 0.33203125 0.39375 0.1921875 0.15625
0 0.4078125 0.528125 0.1921875 0.13984375