0 0.12450810185185186 0.2584548611111111 0.08984953703703705 0.26021990740740736
0 0.20629629629629628 0.25888888888888884 0.1145833333333333 0.28643518518518524
0 0.1431076388888889 0.48578124999999994 0.11929398148148151 0.2570717592592594
0 0.22748263888888892 0.48140625000000004 0.10159722222222226 0.2764120370370371
0 0.2166898148148148 0.7196064814814814 0.10865740740740737 0.29236111111111107
0 0.12924189814814815 0.7381655092592594 0.10768518518518518 0.2736111111111111
0 0.3714641203703704 0.45446180555555554 0.10914351851851851 0.3017361111111111
0 0.2728645833333333 0.25232060185185184 0.1137731481481481 0.27081018518518524
0 0.37581597222222224 0.23529513888888892 0.11442129629629623 0.28331018518518525
0 0.472662037037037 0.45622685185185186 0.11312499999999996 0.2583101851851852
0 0.6237152777777778 0.21776620370370367 0.12667824074074083 0.27927083333333325
0 0.38446180555555554 0.6696122685185186 0.0936805555555555 0.304050925925926
0 0.528269675925926 0.21024884259259258 0.11878472222222225 0.2773032407407408
0 0.5452256944444445 0.43921875000000005 0.12629629629629627 0.24185185185185176
0 0.28249421296296295 0.4723206018518519 0.08885416666666668 0.27107638888888896
0 0.6402141203703703 0.4405266203703704 0.115763888888889 0.24909722222222222
0 0.7041203703703703 0.18476851851851853 0.13418981481481485 0.24381944444444442
0 0.5443344907407408 0.6667766203703703 0.1175462962962964 0.28347222222222224
0 0.7040682870370369 0.3811168981481482 0.12993055555555558 0.22178240740740743
0 0.6377604166666666 0.6681655092592592 0.11953703703703696 0.26175925925925936
0 0.728298611111111 0.6050347222222222 0.10962962962962948 0.31111111111111106
0 0.3075173611111111 0.7110011574074073 0.08853009259259262 0.26482638888888876
0 0.4800405092592593 0.6895891203703705 0.11353009259259253 0.2661226851851852
0 0.4662268518518518 0.21969907407407407 0.09847222222222207 0.27625