0 0.70078125 0.2765625 0.309375 0.1484375
0 0.72265625 0.73671875 0.3890625 0.14453125
0 0.34609375 0.5359375 0.4203125 0.1359375
0 0.33203125 0.19296875 0.40625 0.15546875
0 0.73671875 0.4125 0.403125 0.18359375
0 0.71171875 0.53359375 0.371875 0.140625
0 0.74296875 0.64453125 0.3828125 0.1109375
0 0.28984375 0.3078125 0.4765625 0.1625
0 0.31640625 0.64921875 0.4796875 0.128125
0 0.36328125 0.4296875 0.3484375 0.13984375
0 0.70390625 0.1875 0.3125 0.10703125
0 0.3484375 0.7640625 0.459375 0.14140625