0 0.304224537037037 0.44623842592592594 0.3549189814814815 0.14577546296296298
0 0.28718171296296297 0.2515914351851852 0.39728009259259256 0.152025462962963
0 0.30723379629629627 0.7240740740740741 0.3403356481481481 0.17332175925925916
0 0.28119212962962964 0.5822916666666667 0.3791087962962963 0.2090856481481481
0 0.6653356481481482 0.4760416666666667 0.4395833333333334 0.15671296296296297
0 0.7203414351851851 0.7229456018518519 0.507638888888889 0.18263888888888893
0 0.6712094907407408 0.824392361111111 0.4248842592592593 0.18113425925925952
0 0.30303819444444446 0.7951099537037037 0.32743055555555556 0.16192129629629637
0 0.28501157407407407 0.3524305555555555 0.4070601851851852 0.12118055555555554
0 0.638599537037037 0.5853587962962964 0.3989583333333332 0.15520833333333323
0 0.71328125 0.364380787037037 0.4880787037037038 0.11793981481481489
0 0.6747685185185185 0.24247685185185186 0.4788773148148149 0.16440972222222222
0 0.8068287037037039 0.8168981481481481 0.13553240740740763 0.12048611111111107