0 0.34736689814814814 0.6977719907407407 0.2612268518518518 0.165625
0 0.6046296296296296 0.6877314814814814 0.213923611111111 0.1857060185185185
0 0.6844155092592592 0.5529224537037037 0.20249999999999985 0.17592592592592596
0 0.36808449074074073 0.37369791666666663 0.3394560185185185 0.14045138888888883
0 0.4540277777777778 0.2258101851851852 0.21150462962962954 0.22928240740740743
0 0.3081770833333334 0.21571180555555552 0.1709027777777777 0.1981481481481481
0 0.3266030092592592 0.5396701388888889 0.21435185185185182 0.16388888888888892
0 0.7925868055555556 0.5952835648148149 0.17842592592592582 0.25300925925925916
0 0.5092766203703704 0.5793113425925925 0.28429398148148144 0.2195023148148149
0 0.7110127314814815 0.387181712962963 0.43468750000000006 0.1424189814814815
0 0.6107638888888889 0.22222222222222224 0.2149537037037037 0.2356481481481481
0 0.8000983796296296 0.20888310185185185 0.2032060185185184 0.21961805555555552
0 0.529513888888889 0.5362268518518518 0.18253472222222236 0.1517939814814815