0 0.7446469907407408 0.671417824074074 0.14565972222222215 0.25875000000000004
0 0.3704861111111111 0.738287037037037 0.11527777777777777 0.2069907407407408
0 0.7530092592592592 0.5415972222222222 0.1361689814814815 0.17278935185185187
0 0.48113425925925923 0.7335590277777777 0.21660879629629637 0.2046180555555555
0 0.7428819444444444 0.4259837962962963 0.18599537037037023 0.1918981481481481
0 0.4340277777777778 0.28756944444444443 0.08043981481481488 0.15832175925925931
0 0.4067708333333334 0.5105497685185185 0.21759259259259273 0.2389814814814816
0 0.8156828703703702 0.6701099537037037 0.10104166666666643 0.22562499999999996
0 0.3787037037037037 0.3638020833333333 0.20740740740740743 0.3123032407407408
0 0.5819155092592593 0.2684953703703704 0.15995370370370363 0.17765046296296294
0 0.7066261574074074 0.24255787037037035 0.19826388888888893 0.18886574074074075
0 0.6247974537037038 0.6152430555555556 0.18420138888888893 0.18876157407407418
0 0.6747685185185185 0.7094560185185185 0.09924768518518512 0.13815972222222223
0 0.6157986111111111 0.4409953703703704 0.20150462962962976 0.23261574074074076
0 0.2857060185185185 0.5012847222222222 0.0856481481481481 0.22863425925925931
0 0.4974247685185185 0.45750578703703704 0.075 0.2113773148148148
0 0.5255497685185185 0.6472453703703704 0.07436342592592596 0.13953703703703707
0 0.2982060185185185 0.7333506944444445 0.06898148148148149 0.21445601851851848
0 0.4888310185185185 0.2887268518518519 0.06151620370370381 0.13475694444444447
0 0.5982060185185185 0.7311284722222222 0.08368055555555554 0.15990740740740747
0 0.45196759259259256 0.6141782407407408 0.09189814814814809 0.06002314814814813
0 0.26524884259259257 0.3200868055555556 0.08657407407407405 0.2411342592592593