0 0.7063888888888888 0.7965509259259259 0.25048611111111113 0.09587962962962973
0 0.7153298611111112 0.7181018518518518 0.2695833333333333 0.10480324074074084
0 0.48753472222222227 0.7767939814814815 0.2685763888888889 0.11721064814814816
0 0.4956423611111111 0.68203125 0.25659722222222214 0.09312500000000004
0 0.49866319444444446 0.6140625 0.24878472222222214 0.09266203703703706
0 0.5261979166666666 0.5555497685185186 0.28541666666666676 0.11041666666666679
0 0.7168923611111111 0.6478819444444445 0.26993055555555545 0.11261574074074066
0 0.5415798611111111 0.38477430555555553 0.23413194444444443 0.11361111111111111
0 0.5426909722222222 0.28964699074074074 0.23868055555555542 0.11076388888888893
0 0.25255208333333334 0.7868229166666667 0.25979166666666664 0.09487268518518518
0 0.2608159722222222 0.7060763888888889 0.26430555555555557 0.12630787037037053
0 0.7658333333333334 0.3005787037037037 0.2588541666666668 0.10884259259259252
0 0.7970833333333334 0.22859953703703706 0.23326388888888908 0.12914351851851844
0 0.6169097222222222 0.21512152777777777 0.23006944444444458 0.12739583333333337
0 0.7525694444444444 0.45876157407407414 0.2845833333333333 0.09166666666666679
0 0.7652951388888889 0.40034722222222224 0.26055555555555543 0.1120601851851852
0 0.2759201388888889 0.6116782407407407 0.26041666666666663 0.10893518518518519
0 0.7375 0.5523784722222222 0.2651041666666668 0.10921296296296283
0 0.30588541666666663 0.5335416666666667 0.2529166666666667 0.08043981481481488
0 0.5222569444444444 0.4513715277777777 0.25416666666666676 0.10856481481481488
0 0.31828124999999996 0.289699074074074 0.24826388888888892 0.1160069444444444
0 0.3282465277777778 0.38105324074074076 0.26083333333333325 0.11831018518518518
0 0.2986979166666667 0.44981481481481483 0.24961805555555552 0.11141203703703706
0 0.38048611111111114 0.20497685185185185 0.2852083333333333 0.1057291666666667