0 0.2453125 0.22890625 0.20390625 0.05234375
0 0.459375 0.2390625 0.27734375 0.06796875
0 0.65703125 0.240625 0.25859375 0.0703125
0 0.25 0.309375 0.209375 0.1125
0 0.465625 0.35546875 0.2609375 0.1890625
0 0.63828125 0.3375 0.31015625 0.15703125
0 0.68515625 0.39921875 0.16875 0.06328125
0 0.5953125 0.45703125 0.38046875 0.05546875
0 0.34921875 0.45546875 0.12265625 0.075
0 0.24140625 0.4265625 0.20859375 0.24140625
0 0.24765625 0.5390625 0.16484375 0.08984375
0 0.33828125 0.56953125 0.1765625 0.16328125
0 0.52890625 0.571875 0.24453125 0.1984375
0 0.71171875 0.55390625 0.18203125 0.16015625
0 0.73203125 0.678125 0.17734375 0.18046875
0 0.553125 0.703125 0.190625 0.14765625
0 0.28515625 0.6125 0.178125 0.08515625
0 0.34140625 0.6765625 0.3328125 0.0953125
0 0.303125 0.7546875 0.234375 0.0828125
0 0.465625 0.73359375 0.16953125 0.1