0 0.67109375 0.53125 0.2453125 0.09296875
0 0.696875 0.18828125 0.253125 0.08515625
0 0.4265625 0.58671875 0.20390625 0.1
0 0.20078125 0.73984375 0.23359375 0.12578125
0 0.45234375 0.27890625 0.240625 0.09375
0 0.690625 0.27265625 0.26640625 0.109375
0 0.6640625 0.59375 0.25390625 0.096875
0 0.44765625 0.51796875 0.2140625 0.0828125
0 0.22890625 0.16328125 0.275 0.075
0 0.2328125 0.24609375 0.27734375 0.08984375
0 0.2296875 0.321875 0.278125 0.11171875
0 0.68515625 0.36640625 0.24296875 0.09921875
0 0.45546875 0.6828125 0.23203125 0.10625
0 0.621875 0.77265625 0.278125 0.09296875
0 0.45859375 0.1890625 0.2828125 0.10625
0 0.228125 0.40859375 0.28046875 0.0953125
0 0.21796875 0.503125 0.28984375 0.06015625
0 0.43984375 0.3453125 0.24375 0.08125
0 0.66328125 0.68515625 0.25703125 0.10859375
0 0.63046875 0.43515625 0.2875 0.0734375
0 0.21171875 0.5625 0.2765625 0.09609375
0 0.22265625 0.665625 0.265625 0.13125
0 0.42421875 0.40390625 0.26875 0.1015625
0 0.37109375 0.75234375 0.2109375 0.1046875