0 0.2836458333333333 0.7269675925925926 0.05777777777777775 0.20708333333333329
0 0.5752777777777778 0.6921817129629629 0.06894675925925924 0.23849537037037027
0 0.780787037037037 0.6836689814814815 0.07354166666666657 0.22606481481481494
0 0.432974537037037 0.7099131944444445 0.07489583333333343 0.19796296296296312
0 0.501736111111111 0.4964178240740741 0.07643518518518526 0.1948611111111111
0 0.5041493055555556 0.6979224537037038 0.06410879629629633 0.21811342592592595
0 0.6410532407407408 0.6708969907407407 0.08293981481481474 0.2293287037037036
0 0.6330092592592592 0.4913483796296296 0.0512037037037036 0.16324074074074063
0 0.41247106481481477 0.5250810185185186 0.11570601851851858 0.22356481481481474
0 0.29813078703703705 0.35335648148148147 0.06892361111111107 0.23537037037037029
0 0.31166087962962963 0.5304803240740741 0.08284722222222225 0.21682870370370377
0 0.5883506944444445 0.5091956018518518 0.08247685185185176 0.1668287037037036
0 0.5982349537037037 0.33484953703703707 0.14086805555555557 0.24581018518518521
0 0.7381365740740741 0.5358796296296295 0.11999999999999993 0.17050925925925925
0 0.3599826388888889 0.33447337962962964 0.07648148148148151 0.2011111111111111
0 0.712662037037037 0.28394097222222225 0.17629629629629626 0.1775925925925926
0 0.45810763888888884 0.2697453703703704 0.05524305555555564 0.0758101851851852
0 0.7261516203703704 0.46653356481481484 0.19065972222222224 0.21842592592592586
0 0.35012731481481485 0.7158275462962962 0.09532407407407409 0.21388888888888893
0 0.788587962962963 0.26328703703703704 0.024085648148148307 0.08784722222222223
0 0.45560185185185187 0.39711226851851855 0.19146990740740738 0.32780092592592586
0 0.5103877314814815 0.2775636574074074 0.05065972222222222 0.08980324074074071
0 0.7033449074074074 0.6980960648148148 0.11258101851851858 0.2235185185185184