0 0.7968113425925927 0.746875 0.07354166666666657 0.225
0 0.7100636574074074 0.53984375 0.08921296296296291 0.23125
0 0.7826099537037037 0.34375 0.07508101851851859 0.221875
0 0.4294849537037037 0.5546875 0.079525462962963 0.1890625
0 0.49752893518518515 0.54453125 0.08587962962962958 0.203125
0 0.778755787037037 0.54765625 0.09228009259259248 0.2234375
0 0.35974537037037035 0.371875 0.09849537037037033 0.21875
0 0.37266782407407406 0.73671875 0.0985879629629629 0.23125
0 0.5851273148148148 0.7421875 0.07984953703703716 0.2328125
0 0.7312384259259259 0.73984375 0.09238425925925924 0.2375
0 0.6601388888888888 0.740625 0.09548611111111108 0.234375
0 0.7122743055555556 0.346875 0.09547453703703698 0.2328125
0 0.44912615740740736 0.75078125 0.07980324074074083 0.2265625
0 0.6404398148148148 0.34140625 0.08587962962962976 0.203125
0 0.42850694444444437 0.3703125 0.0766435185185184 0.221875
0 0.5061458333333333 0.75234375 0.0705324074074074 0.240625
0 0.29631944444444447 0.60234375 0.098287037037037 0.190625
0 0.35770833333333335 0.54140625 0.09373842592592592 0.209375
0 0.4880613425925926 0.34609375 0.08597222222222226 0.215625
0 0.3044560185185185 0.76953125 0.0935300925925926 0.18125
0 0.5682175925925926 0.38828125 0.06434027777777782 0.2484375
0 0.2852893518518519 0.40390625 0.07519675925925924 0.2375
0 0.5918171296296297 0.57734375 0.08760416666666657 0.225
0 0.6420486111111112 0.54609375 0.0922685185185184 0.221875