0 0.7372685185185185 0.18484375000000003 0.21828703703703703 0.09229166666666666
0 0.5391203703703704 0.21515625 0.21574074074074084 0.09989583333333334
0 0.34021990740740743 0.23463541666666665 0.21423611111111107 0.07958333333333334
0 0.339207175925926 0.30078125 0.21765046296296298 0.1046875
0 0.529542824074074 0.2919791666666667 0.225 0.0989583333333334
0 0.7325231481481482 0.24890625000000002 0.25069444444444444 0.10999999999999996
0 0.33764467592592595 0.38484375000000004 0.21319444444444446 0.10749999999999993
0 0.5376446759259259 0.35052083333333334 0.21319444444444446 0.10750000000000001
0 0.73203125 0.3080208333333333 0.22268518518518512 0.10968750000000008
0 0.7335069444444444 0.3825520833333333 0.23125 0.09937500000000003
0 0.55390625 0.40385416666666674 0.2489583333333334 0.12854166666666664
0 0.36935763888888895 0.43947916666666664 0.27141203703703703 0.0958333333333334
0 0.732349537037037 0.4611458333333333 0.23032407407407404 0.08687500000000004
0 0.532523148148148 0.49312500000000004 0.2234375 0.09885416666666665
0 0.33208912037037036 0.5228125 0.20370370370370372 0.10531250000000014
0 0.344849537037037 0.5709375 0.24710648148148148 0.10354166666666664
0 0.5383969907407408 0.5502604166666666 0.22523148148148148 0.10208333333333322
0 0.7319155092592592 0.5194791666666667 0.228125 0.09916666666666671
0 0.3390046296296296 0.6498437499999999 0.20202546296296298 0.10364583333333321
0 0.5130208333333333 0.63046875 0.20601851851851852 0.09458333333333328
0 0.7222800925925925 0.5970833333333333 0.24565972222222215 0.10500000000000007
0 0.3861400462962963 0.7166666666666667 0.24305555555555552 0.09083333333333332
0 0.5879050925925926 0.6900000000000001 0.22366898148148148 0.10197916666666665
0 0.7430844907407408 0.6625520833333333 0.19334490740740745 0.11239583333333343