0 0.3575347222222222 0.40023148148148147 0.16444444444444448 0.19594907407407405
0 0.36026041666666664 0.28634259259259254 0.1632291666666667 0.1335648148148149
0 0.632170138888889 0.5457465277777778 0.17347222222222225 0.18883101851851852
0 0.6260763888888888 0.7003761574074074 0.17895833333333327 0.1721064814814813
0 0.6275520833333333 0.40436921296296297 0.2067013888888889 0.20063657407407404
0 0.34958333333333336 0.5440972222222222 0.15197916666666664 0.16076388888888893
0 0.5157118055555555 0.6081018518518518 0.1664583333333333 0.17118055555555553
0 0.6410243055555556 0.27644675925925927 0.178125 0.15335648148148148
0 0.5075000000000001 0.740306712962963 0.16805555555555554 0.137037037037037
0 0.5020312499999999 0.4603877314814815 0.13249999999999992 0.17800925925925917
0 0.33729166666666666 0.6804976851851852 0.16402777777777774 0.18657407407407406