0 0.19950810185185186 0.19111689814814814 0.2190393518518518 0.08304398148148148
0 0.15807291666666665 0.6665798611111111 0.20034722222222223 0.10341435185185191
0 0.31050347222222224 0.6646122685185185 0.19664351851851852 0.09537037037037041
0 0.5052951388888889 0.657175925925926 0.23032407407407404 0.08854166666666678
0 0.17236689814814815 0.5994791666666666 0.1986689814814815 0.10173611111111107
0 0.585011574074074 0.1788773148148148 0.21134259259259255 0.08402777777777781
0 0.1905960648148148 0.3953414351851852 0.22934027777777782 0.09623842592592595
0 0.20228587962962963 0.25850694444444444 0.2341435185185185 0.0981481481481481
0 0.36027199074074073 0.601099537037037 0.20613425925925916 0.09762731481481488
0 0.18417245370370366 0.46108217592592593 0.23472222222222222 0.06400462962962976
0 0.544704861111111 0.5866608796296295 0.20960648148148148 0.10254629629629619
0 0.3619791666666667 0.37876157407407407 0.250462962962963 0.10868055555555553
0 0.36108217592592595 0.5272280092592593 0.199537037037037 0.09247685185185191
0 0.3910590277777778 0.26938657407407407 0.22719907407407405 0.08831018518518512
0 0.3842881944444444 0.31883680555555555 0.2268518518518518 0.08362268518518512
0 0.17815393518518516 0.5213541666666666 0.22754629629629627 0.09299768518518511
0 0.5774016203703703 0.25014467592592593 0.2221064814814815 0.10347222222222223
0 0.37960069444444444 0.46603009259259254 0.2114583333333333 0.08559027777777786
0 0.5331886574074074 0.38550347222222225 0.2325231481481481 0.07627314814814809
0 0.19632523148148148 0.31799768518518523 0.23148148148148148 0.1041666666666666
0 0.5429976851851851 0.5153067129629629 0.21157407407407405 0.08715277777777786
0 0.5743055555555555 0.3234085648148148 0.20578703703703702 0.09293981481481488
0 0.38634259259259257 0.19670138888888888 0.2299189814814815 0.10405092592592595
0 0.5557581018518519 0.45842013888888894 0.20856481481481487 0.08848379629629619