0 0.6826967592592592 0.7411747685185185 0.18032407407407405 0.33425925925925914
0 0.21021412037037038 0.7531944444444445 0.1633101851851852 0.3985879629629629
0 0.3101273148148148 0.749699074074074 0.14988425925925924 0.3853472222222223
0 0.4492766203703703 0.36482060185185183 0.17303240740740744 0.4458333333333334
0 0.7975694444444444 0.3768287037037037 0.1924768518518519 0.4143171296296296
0 0.5400173611111111 0.7711689814814815 0.2259837962962962 0.42563657407407407
0 0.4013310185185185 0.7260706018518519 0.14907407407407405 0.33240740740740726
0 0.6933449074074074 0.32200231481481484 0.20775462962962976 0.49456018518518513
0 0.5566261574074074 0.3986458333333333 0.17175925925925917 0.3866435185185185
0 0.34930555555555554 0.326724537037037 0.13998842592592595 0.48276620370370377
0 0.22300347222222222 0.3686747685185185 0.17152777777777778 0.46752314814814816
0 0.7723668981481481 0.7488425925925926 0.14212962962962977 0.32266203703703694