0 0.28828125 0.64765625 0.1109375 0.24375
0 0.59296875 0.7015625 0.096875 0.26015625
0 0.37109375 0.65078125 0.10234375 0.26015625
0 0.428125 0.671875 0.1046875 0.2515625
0 0.29921875 0.4375 0.1046875 0.2296875
0 0.23671875 0.36640625 0.1109375 0.20546875
0 0.7421875 0.27265625 0.0953125 0.27265625
0 0.8125 0.27578125 0.08203125 0.2546875
0 0.19921875 0.58671875 0.0984375 0.28203125
0 0.3953125 0.4375 0.11328125 0.22890625
0 0.428125 0.21796875 0.1109375 0.259375
0 0.459375 0.459375 0.09140625 0.240625
0 0.2625 0.1859375 0.13359375 0.2265625
0 0.4859375 0.22734375 0.07578125 0.27265625
0 0.76015625 0.73203125 0.084375 0.2640625
0 0.77578125 0.5 0.10703125 0.253125
0 0.6859375 0.72421875 0.10859375 0.2609375
0 0.56953125 0.24609375 0.096875 0.25
0 0.56328125 0.4515625 0.115625 0.28515625
0 0.33671875 0.22109375 0.11171875 0.259375
0 0.61953125 0.48203125 0.08984375 0.26484375
0 0.51796875 0.66484375 0.06171875 0.25859375
0 0.66640625 0.25703125 0.1359375 0.23984375
0 0.68046875 0.4921875 0.07265625 0.2546875