0 0.3793229166666667 0.23366319444444444 0.2343055555555556 0.2928356481481481
0 0.5805381944444445 0.7778877314814816 0.20027777777777764 0.29861111111111105
0 0.3096354166666667 0.8158738425925925 0.15583333333333335 0.28039351851851857
0 0.39864583333333337 0.6508043981481482 0.2648611111111111 0.2089351851851852
0 0.3540798611111111 0.3706712962962963 0.2644444444444445 0.1995601851851852
0 0.6815104166666667 0.6528414351851852 0.25555555555555554 0.2800694444444446
0 0.41355902777777775 0.8277314814814816 0.20916666666666667 0.21810185185185169
0 0.5572048611111111 0.28813657407407406 0.2335416666666667 0.27564814814814814
0 0.7209722222222222 0.8181307870370371 0.13062500000000005 0.1339699074074076
0 0.6634895833333333 0.35311921296296295 0.22520833333333332 0.22840277777777782
0 0.6350173611111111 0.5232175925925926 0.23774305555555558 0.12473379629629626
0 0.5676736111111111 0.10243344907407408 0.2710763888888888 0.20486689814814815
0 0.5404687499999999 0.8280439814814816 0.08958333333333321 0.1923148148148151
0 0.5504166666666667 0.8932523148148149 0.06670138888888885 0.06317129629629648
0 0.38888888888888895 0.5722685185185185 0.4033333333333333 0.23895833333333344
0 0.6766145833333332 0.7189293981481482 0.1413888888888888 0.16577546296296292