0 0.3541377314814815 0.3061053240740741 0.1125 0.25659722222222225
0 0.5706018518518519 0.35564236111111114 0.11944444444444446 0.2662037037037037
0 0.6978877314814815 0.6361111111111111 0.12777777777777785 0.21041666666666678
0 0.1122974537037037 0.7366319444444445 0.10190972222222223 0.26087962962962974
0 0.6611689814814815 0.3597800925925926 0.12465277777777786 0.2523726851851852
0 0.517650462962963 0.3301793981481482 0.12083333333333321 0.24288194444444447
0 0.7418692129629629 0.42309027777777775 0.11180555555555553 0.2892939814814815
0 0.6347800925925926 0.56796875 0.11736111111111107 0.23807870370370363
0 0.2685474537037037 0.29823495370370373 0.10306712962962958 0.2765046296296296
0 0.1581886574074074 0.5189814814814815 0.12378472222222223 0.2616898148148149
0 0.36657986111111107 0.5611689814814815 0.12008101851851852 0.2958333333333334
0 0.477662037037037 0.5527488425925926 0.10688657407407405 0.24392361111111108
0 0.4205439814814815 0.35086805555555556 0.09537037037037041 0.27777777777777785
0 0.3520833333333333 0.7674479166666666 0.1111689814814815 0.2596643518518519
0 0.1857349537037037 0.7393518518518519 0.11388888888888889 0.27534722222222213
0 0.5420717592592592 0.571585648148148 0.1296296296296296 0.23541666666666677
0 0.43949652777777776 0.7824363425925925 0.09861111111111107 0.2794560185185187
0 0.6653645833333333 0.8213541666666668 0.14068287037037042 0.23738425925925952
0 0.589207175925926 0.7918981481481482 0.1272569444444443 0.2664930555555555
0 0.49360532407407404 0.7922743055555556 0.12702546296296297 0.2633680555555557
0 0.2462962962962963 0.5245949074074074 0.09780092592592596 0.2685185185185185
0 0.3080439814814815 0.5370659722222222 0.11944444444444446 0.2662037037037036
0 0.18064236111111112 0.27931134259259255 0.09890046296296298 0.26232638888888893
0 0.25260416666666663 0.756712962962963 0.14722222222222223 0.26255787037037026