0 0.6933622685185185 0.2477199074074074 0.10130787037037052 0.19520833333333334
0 0.20855324074074075 0.26396990740740744 0.07052083333333332 0.22599537037037037
0 0.23387152777777778 0.6548842592592592 0.075 0.21200231481481477
0 0.7065798611111112 0.40178819444444447 0.09818287037037035 0.1951620370370371
0 0.27501736111111114 0.2688599537037037 0.08782407407407407 0.2340625
0 0.234056712962963 0.4564930555555556 0.09375 0.2122800925925926
0 0.30910300925925926 0.4607291666666667 0.08145833333333333 0.22615740740740745
0 0.7228009259259259 0.6004224537037037 0.07851851851851847 0.2386111111111111
0 0.3080208333333333 0.6512962962962963 0.09703703703703699 0.22326388888888893
0 0.5098263888888889 0.4597974537037037 0.06863425925925917 0.2040972222222223
0 0.6249594907407408 0.2701388888888889 0.10020833333333332 0.22643518518518518
0 0.5713136574074074 0.4450868055555556 0.08248842592592584 0.1902430555555556
0 0.5419849537037037 0.25797453703703704 0.08150462962962965 0.22928240740740743
0 0.5756770833333332 0.6341724537037037 0.08136574074074084 0.21990740740740744
0 0.6487268518518519 0.45092013888888893 0.08724537037037053 0.19499999999999992
0 0.41553819444444445 0.26391203703703703 0.08462962962962965 0.22932870370370367
0 0.41579861111111105 0.43965856481481486 0.09421296296296297 0.2435300925925926
0 0.339837962962963 0.26825810185185184 0.09712962962962965 0.22951388888888893
0 0.49437499999999995 0.26039351851851855 0.07219907407407397 0.23383101851851854
0 0.3830092592592592 0.6516261574074074 0.08425925925925934 0.2043287037037036
0 0.3675115740740741 0.4490972222222222 0.07203703703703698 0.22289351851851863
0 0.6530902777777777 0.640005787037037 0.09689814814814816 0.21388888888888893
0 0.4418287037037037 0.615005787037037 0.06606481481481481 0.24155092592592595
0 0.5219097222222222 0.6427488425925926 0.07810185185185184 0.2104861111111111