0 0.40546875 0.68484375 0.14375 0.2502083333333333
0 0.29453125 0.7235416666666665 0.18125 0.18708333333333335
0 0.5484375 0.6224999999999999 0.1625 0.32802083333333343
0 0.27734375 0.5388020833333333 0.1875 0.23125
0 0.64921875 0.69875 0.0734375 0.19864583333333333
0 0.64453125 0.30625 0.1 0.21291666666666664
0 0.58984375 0.49088541666666663 0.1078125 0.21812499999999985
0 0.2890625 0.3223958333333333 0.109375 0.23697916666666669
0 0.69921875 0.6747395833333334 0.0859375 0.24322916666666677
0 0.56328125 0.31333333333333335 0.075 0.20812499999999998
0 0.41484375 0.5081249999999999 0.0828125 0.17739583333333328
0 0.35859375 0.34187500000000004 0.0765625 0.23322916666666665
0 0.4234375 0.32354166666666667 0.0765625 0.24572916666666664
0 0.5046875 0.7344270833333333 0.046875 0.1
0 0.3671875 0.5229166666666666 0.0484375 0.16885416666666658
0 0.49921875 0.5231250000000001 0.0671875 0.18885416666666668
0 0.49375 0.31807291666666665 0.06875 0.22645833333333326
0 0.25625 0.45614583333333336 0.115625 0.19052083333333325
0 0.55 0.7515104166666667 0.05625 0.07718750000000014
0 0.71484375 0.2984375 0.046875 0.203125
0 0.21484375 0.3213541666666667 0.0734375 0.22989583333333333
0 0.65 0.49333333333333335 0.09375 0.2375
0 0.69453125 0.49864583333333334 0.10625 0.2539583333333333