0 0.2375 0.68984375 0.19375 0.0984375
0 0.2609375 0.2046875 0.22421875 0.0671875
0 0.6515625 0.22421875 0.2109375 0.07109375
0 0.39140625 0.70078125 0.19453125 0.0953125
0 0.26484375 0.27109375 0.2328125 0.08515625
0 0.453125 0.22734375 0.2109375 0.08984375
0 0.45625 0.30234375 0.22421875 0.078125
0 0.58984375 0.7140625 0.23671875 0.07578125
0 0.646875 0.2984375 0.22265625 0.09296875
0 0.45234375 0.503125 0.20234375 0.06640625
0 0.2609375 0.62109375 0.225 0.096875
0 0.43671875 0.56484375 0.1890625 0.0796875
0 0.25 0.53828125 0.22890625 0.07734375
0 0.62578125 0.56640625 0.21875 0.078125
0 0.44140625 0.6421875 0.19375 0.084375
0 0.2578125 0.41171875 0.22734375 0.08203125
0 0.43359375 0.409375 0.2421875 0.090625
0 0.26328125 0.3359375 0.22734375 0.09453125
0 0.253125 0.490625 0.2328125 0.06953125
0 0.64609375 0.3734375 0.20390625 0.08125
0 0.44375 0.3609375 0.22265625 0.06953125
0 0.63046875 0.64375 0.2125 0.09296875
0 0.60859375 0.4328125 0.24140625 0.0625
0 0.63515625 0.5125 0.209375 0.075