0 0.3730671296296296 0.3629398148148148 0.18978009259259263 0.13708333333333336
0 0.5599189814814814 0.37266203703703704 0.15712962962962962 0.13972222222222222
0 0.7060706018518518 0.4446585648148148 0.14097222222222214 0.1894444444444444
0 0.5044502314814815 0.47887152777777775 0.12547453703703706 0.13144675925925925
0 0.6209780092592593 0.47480324074074076 0.13476851851851848 0.13002314814814825
0 0.3923668981481481 0.4875578703703704 0.1502314814814815 0.12712962962962954
0 0.38119791666666664 0.6126273148148147 0.2687384259259259 0.12420138888888879
0 0.5573553240740741 0.7232118055555554 0.1612268518518519 0.15851851851851856
0 0.6998784722222222 0.7296875 0.15136574074074077 0.14900462962962954
0 0.43486111111111114 0.7219039351851853 0.1740509259259259 0.1649537037037037
0 0.6346875 0.6018460648148147 0.31224537037037037 0.1201620370370371
0 0.32327546296296295 0.7360474537037037 0.13541666666666669 0.14252314814814823
0 0.33346643518518515 0.4642303240740741 0.15373842592592588 0.1646527777777777