0 0.20625 0.7375 0.23046875 0.1203125
0 0.2234375 0.49765625 0.28984375 0.07578125
0 0.23984375 0.15234375 0.2859375 0.07890625
0 0.3796875 0.7578125 0.26015625 0.11875
0 0.23984375 0.23046875 0.29453125 0.1015625
0 0.43046875 0.6796875 0.21484375 0.1046875
0 0.68125 0.52578125 0.26015625 0.096875
0 0.228125 0.65546875 0.2703125 0.1125
0 0.6328125 0.77421875 0.284375 0.0921875
0 0.44453125 0.40078125 0.30390625 0.10859375
0 0.4859375 0.2671875 0.25234375 0.1078125
0 0.2359375 0.403125 0.2859375 0.0953125
0 0.675 0.59296875 0.26171875 0.0953125
0 0.47265625 0.51640625 0.25 0.1
0 0.2203125 0.55625 0.278125 0.09453125
0 0.47109375 0.17734375 0.28828125 0.1078125
0 0.678125 0.6828125 0.25390625 0.109375
0 0.65546875 0.43203125 0.29140625 0.075
0 0.4515625 0.590625 0.24140625 0.11171875
0 0.23515625 0.30078125 0.2828125 0.10859375
0 0.7046875 0.359375 0.2546875 0.103125
0 0.4671875 0.3375 0.26875 0.10078125
0 0.71953125 0.259375 0.27421875 0.11171875
0 0.70625 0.178125 0.2609375 0.0890625