0 0.20446180555555554 0.24446180555555555 0.07666666666666666 0.2261111111111111
0 0.21244212962962963 0.6438425925925926 0.07346064814814816 0.21512731481481479
0 0.2920138888888889 0.4496875 0.07825231481481483 0.22925925925925927
0 0.21706018518518516 0.4423263888888889 0.09224537037037042 0.2200925925925926
0 0.2653761574074074 0.24848958333333332 0.08769675925925924 0.23877314814814818
0 0.4927256944444444 0.2510763888888889 0.0611574074074074 0.24150462962962962
0 0.2835416666666667 0.6441145833333334 0.09700231481481483 0.2295370370370371
0 0.3475462962962963 0.4419155092592593 0.07355324074074074 0.22762731481481496
0 0.4975173611111111 0.4480439814814815 0.07030092592592592 0.21039351851851862
0 0.5585358796296296 0.4380092592592593 0.08581018518518527 0.19499999999999992
0 0.3624421296296297 0.6460648148148149 0.0859375 0.21218749999999992
0 0.5404108796296296 0.2478761574074074 0.0798379629629629 0.23240740740740745
0 0.40913194444444445 0.24983796296296296 0.08298611111111107 0.23557870370370368
0 0.33491319444444445 0.2487384259259259 0.09543981481481474 0.22951388888888893
0 0.5555324074074074 0.6325173611111111 0.0813310185185184 0.22305555555555542
0 0.42522569444444447 0.6087094907407408 0.0611574074074074 0.24150462962962962
0 0.636707175925926 0.6438773148148148 0.09373842592592592 0.21074074074074076
0 0.6255208333333333 0.25538773148148153 0.09844907407407408 0.21393518518518517
0 0.49766782407407406 0.6386921296296297 0.07188657407407409 0.2135416666666668
0 0.6381539351851852 0.4485648148148148 0.08901620370370367 0.20598379629629626
0 0.6970775462962963 0.40490162037037036 0.10152777777777774 0.2077314814814814
0 0.7088831018518518 0.6043171296296296 0.07679398148148149 0.24329861111111112
0 0.40546875 0.42792824074074076 0.09246527777777783 0.2497800925925926
0 0.6951157407407408 0.24782407407407409 0.09202546296296284 0.19040509259259258