0 0.7279918981481481 0.888917824074074 0.25681712962962955 0.08605324074074083
0 0.7239120370370371 0.806712962962963 0.2819907407407406 0.11041666666666679
0 0.4993113425925926 0.8499710648148149 0.2523495370370371 0.11556712962962976
0 0.4999363425925926 0.7655960648148148 0.27252314814814815 0.09756944444444446
0 0.26166666666666666 0.7552083333333334 0.28820601851851846 0.1059606481481481
0 0.24696180555555552 0.84140625 0.2694444444444445 0.10370370370370381
0 0.5205266203703703 0.6233506944444445 0.29756944444444444 0.10474537037037042
0 0.7275289351851852 0.7404224537037037 0.2663657407407408 0.10983796296296297
0 0.7400057870370371 0.6385127314814815 0.2788657407407408 0.11030092592592596
0 0.5142476851851852 0.5215277777777778 0.2538657407407408 0.109375
0 0.7465277777777779 0.3910300925925926 0.2742708333333333 0.12262731481481479
0 0.30429976851851853 0.591116898148148 0.3005787037037037 0.08923611111111107
0 0.7583159722222221 0.48758680555555556 0.272650462962963 0.11475694444444447
0 0.5280613425925926 0.45014467592592594 0.23678240740740755 0.12280092592592595
0 0.5065914351851852 0.7111400462962963 0.26774305555555544 0.08489583333333321
0 0.5225173611111111 0.3546006944444444 0.24451388888888878 0.11215277777777777
0 0.7760185185185184 0.31319444444444444 0.2384027777777778 0.13067129629629637
0 0.3000173611111111 0.4307581018518518 0.27888888888888885 0.11342592592592596
0 0.57921875 0.29574652777777777 0.21650462962962963 0.12673611111111108
0 0.29446180555555557 0.33677662037037037 0.25703703703703706 0.11574074074074074
0 0.35370370370370374 0.25144675925925924 0.30694444444444446 0.10509259259259256
0 0.26624421296296297 0.6647280092592592 0.2614930555555556 0.08466435185185191
0 0.2800173611111111 0.49331597222222223 0.2616782407407408 0.1096643518518519
0 0.7516087962962963 0.549074074074074 0.27249999999999996 0.09444444444444447