0 0.3718229166666666 0.6278124999999999 0.15138888888888893 0.2505208333333332
0 0.2533333333333333 0.6815856481481481 0.18434027777777776 0.18546296296296294
0 0.5472222222222223 0.41560763888888885 0.10795138888888882 0.21989583333333335
0 0.5255208333333333 0.5532523148148148 0.18277777777777776 0.32562499999999994
0 0.2490277777777778 0.49795138888888885 0.1955208333333333 0.2266435185185184
0 0.6151909722222222 0.41157986111111117 0.10211805555555564 0.22890046296296304
0 0.6280034722222222 0.2284895833333333 0.10888888888888885 0.20592592592592593
0 0.23513888888888887 0.4247511574074074 0.11864583333333334 0.18001157407407414
0 0.6097569444444444 0.6215046296296296 0.08361111111111122 0.19819444444444442
0 0.38907986111111115 0.44991319444444444 0.0885416666666666 0.16887731481481474
0 0.4660763888888889 0.4531423611111111 0.08048611111111122 0.19800925925925927
0 0.5485416666666667 0.24566550925925928 0.08090277777777785 0.20738425925925927
0 0.2744097222222222 0.27749421296296295 0.11937499999999997 0.23148148148148148
0 0.6645833333333333 0.5099479166666667 0.10086805555555553 0.4111574074074074
0 0.3438888888888889 0.2920775462962963 0.08690972222222229 0.2373495370370371
0 0.4565625 0.6672048611111111 0.05444444444444443 0.102962962962963
0 0.3390625 0.47079861111111115 0.05701388888888888 0.16077546296296283
0 0.4001909722222223 0.27004050925925926 0.07781249999999992 0.24304398148148146
0 0.5065104166666667 0.6829456018518518 0.05958333333333332 0.07833333333333332
0 0.7026041666666666 0.21549768518518517 0.055763888888888856 0.20277777777777786
0 0.20171875 0.2825810185185185 0.08315972222222223 0.22310185185185186
0 0.48182291666666666 0.2566319444444445 0.07840277777777782 0.22126157407407412
0 0.5461805555555556 0.6494270833333333 0.11520833333333336 0.13773148148148148
0 0.1975 0.465162037037037 0.041736111111111106 0.09753472222222222