0 0.5428414351851851 0.3012789351851852 0.0955324074074074 0.24618055555555554
0 0.20175925925925925 0.2777604166666667 0.08620370370370374 0.25187499999999996
0 0.19834490740740743 0.5278530092592593 0.10667824074074073 0.27495370370370364
0 0.16778356481481482 0.7530034722222222 0.08020833333333335 0.28587962962962976
0 0.7424768518518519 0.7603356481481482 0.12356481481481474 0.2353472222222223
0 0.2852488425925926 0.28686921296296297 0.10822916666666664 0.27348379629629627
0 0.5957407407407407 0.5394444444444444 0.10627314814814817 0.22026620370370367
0 0.28498263888888886 0.5336516203703704 0.09238425925925924 0.24287037037037038
0 0.6052777777777777 0.30616898148148153 0.10027777777777765 0.25427083333333333
0 0.7830555555555556 0.3424884259259259 0.09734953703703689 0.2806481481481482
0 0.524056712962963 0.5179224537037037 0.08788194444444457 0.2675925925925927
0 0.687673611111111 0.5683564814814815 0.1081712962962964 0.2656712962962963
0 0.5707465277777778 0.7509895833333333 0.10202546296296297 0.279363425925926
0 0.4146006944444444 0.7461863425925925 0.1020717592592593 0.28561342592592587
0 0.6590856481481482 0.7379456018518519 0.10980324074074073 0.2751388888888888
0 0.3606655092592593 0.5424421296296297 0.0752199074074074 0.24497685185185175
0 0.25685185185185183 0.7469444444444444 0.09422453703703706 0.28046296296296286
0 0.6966493055555556 0.3054398148148148 0.10807870370370373 0.2531712962962963
0 0.32318287037037036 0.7531655092592592 0.09879629629629623 0.2651157407407407
0 0.4480266203703704 0.3451620370370371 0.08017361111111114 0.2811921296296297
0 0.4129224537037037 0.5510590277777778 0.10513888888888889 0.277986111111111
0 0.3813599537037037 0.27883101851851855 0.09863425925925924 0.2432407407407407
0 0.7468981481481481 0.5851504629629629 0.1330439814814813 0.24996527777777774
0 0.4996180555555555 0.7598900462962963 0.07412037037037038 0.3073842592592593