0 0.7562442129629628 0.21574652777777778 0.22707175925925932 0.07042824074074075
0 0.36104166666666665 0.22766203703703702 0.21303240740740748 0.07344907407407408
0 0.747366898148148 0.2828645833333333 0.23187500000000014 0.08608796296296299
0 0.3631423611111111 0.3003298611111111 0.2225578703703704 0.0938310185185185
0 0.5553761574074073 0.30800347222222224 0.2255787037037038 0.07979166666666666
0 0.7517245370370371 0.3438310185185185 0.23194444444444445 0.0954629629629629
0 0.5600057870370371 0.5111516203703703 0.21150462962962954 0.078125
0 0.5641840277777778 0.23151041666666666 0.2162962962962963 0.09222222222222225
0 0.7583680555555554 0.5024652777777778 0.24423611111111115 0.06743055555555558
0 0.5713773148148148 0.5698263888888888 0.19750000000000015 0.08583333333333343
0 0.381556712962963 0.5715451388888889 0.2162268518518519 0.08284722222222225
0 0.7642013888888888 0.5517245370370369 0.23185185185185198 0.0829629629629629
0 0.3637094907407407 0.37689236111111113 0.2037384259259259 0.08431712962962959
0 0.7522974537037037 0.4211747685185185 0.23810185185185198 0.08300925925925924
0 0.3758796296296296 0.6488425925925926 0.21319444444444446 0.09532407407407409
0 0.5714236111111111 0.365150462962963 0.22864583333333338 0.07200231481481482
0 0.5672800925925926 0.6494791666666666 0.19751157407407405 0.08739583333333342
0 0.4032233796296296 0.438119212962963 0.24733796296296298 0.06432870370370374
0 0.7553414351851852 0.6211863425925925 0.21305555555555547 0.07657407407407409
0 0.3702199074074074 0.5175578703703703 0.2052893518518518 0.08276620370370366
0 0.41546874999999994 0.7202256944444445 0.23803240740740747 0.07363425925925923
0 0.6240046296296297 0.7139583333333334 0.2022337962962963 0.0921180555555555
0 0.5811805555555556 0.41678240740740746 0.24439814814814814 0.08930555555555557
0 0.7677025462962963 0.7079918981481482 0.18814814814814831 0.08888888888888893