0 0.796875 0.4447453703703704 0.2346064814814813 0.11613425925925931
0 0.7920949074074074 0.5483275462962963 0.28645833333333337 0.14886574074074072
0 0.664681712962963 0.8065914351851852 0.2572222222222223 0.12928240740740726
0 0.8458333333333332 0.7971412037037038 0.263564814814815 0.1310300925925926
0 0.8178356481481481 0.6668518518518518 0.25539351851851855 0.15106481481481476
0 0.62046875 0.5869155092592593 0.2051157407407409 0.14489583333333336
0 0.6594444444444445 0.7050520833333334 0.25033564814814824 0.14467592592592596
0 0.41553240740740743 0.7477372685185186 0.22928240740740743 0.13157407407407398
0 0.4025694444444444 0.5289872685185186 0.2219328703703704 0.13915509259259268
0 0.3915451388888889 0.43507523148148153 0.22393518518518524 0.09398148148148149
0 0.41208333333333336 0.636892361111111 0.21447916666666664 0.11865740740740734