0 0.5371875 0.2747685185185185 0.25261574074074067 0.10601851851851851
0 0.30831018518518516 0.5326967592592593 0.24958333333333327 0.10746527777777785
0 0.7709953703703704 0.7229166666666667 0.2383796296296296 0.12887731481481488
0 0.5381481481481482 0.49534143518518514 0.23063657407407412 0.07714120370370381
0 0.5513483796296297 0.575144675925926 0.21888888888888883 0.11568287037037024
0 0.5386979166666667 0.18350694444444443 0.27798611111111116 0.11319444444444442
0 0.3007465277777778 0.2788483796296296 0.27229166666666665 0.12233796296296298
0 0.2892939814814815 0.1958622685185185 0.24250000000000008 0.09317129629629628
0 0.7669270833333334 0.14699074074074076 0.2779745370370371 0.08668981481481479
0 0.34616319444444443 0.7752893518518519 0.2725578703703704 0.10052083333333321
0 0.7648842592592593 0.29985532407407406 0.26907407407407413 0.12065972222222214
0 0.31407407407407406 0.593287037037037 0.2588657407407407 0.10625
0 0.5548437500000001 0.6740162037037036 0.231111111111111 0.11145833333333321
0 0.7546238425925926 0.6440104166666666 0.2689814814814813 0.11909722222222215
0 0.7668460648148148 0.5429976851851851 0.279363425925926 0.11012731481481489
0 0.30929976851851854 0.6870081018518519 0.2609837962962963 0.11568287037037024
0 0.76296875 0.476880787037037 0.2970833333333333 0.06712962962962958
0 0.758894675925926 0.2299189814814815 0.2937037037037037 0.11533564814814809
0 0.7587326388888889 0.3905092592592593 0.284050925925926 0.11030092592592596
0 0.341255787037037 0.4371527777777778 0.2810995370370371 0.08680555555555554
0 0.5552372685185185 0.40428240740740745 0.24011574074074069 0.10555555555555554
0 0.3038310185185185 0.3714988425925926 0.24655092592592592 0.10891203703703703
0 0.5878587962962963 0.73515625 0.22303240740740743 0.13298611111111108
0 0.5341724537037037 0.33880208333333334 0.2655787037037037 0.11429398148148148