0 0.1984375 0.740625 0.2515625 0.12265625
0 0.2296875 0.15546875 0.278125 0.07578125
0 0.225 0.48359375 0.3046875 0.053125
0 0.23515625 0.23046875 0.28984375 0.09453125
0 0.71015625 0.18203125 0.2609375 0.08515625
0 0.36171875 0.753125 0.22734375 0.1171875
0 0.67734375 0.5296875 0.25625 0.09375
0 0.41875 0.4015625 0.25859375 0.10859375
0 0.62421875 0.7765625 0.28359375 0.09453125
0 0.23046875 0.4046875 0.28828125 0.09921875
0 0.7078125 0.2703125 0.27578125 0.11015625
0 0.4546875 0.1828125 0.22265625 0.10625
0 0.21640625 0.5578125 0.284375 0.0921875
0 0.42578125 0.5828125 0.203125 0.09765625
0 0.47421875 0.2765625 0.24375 0.1
0 0.22578125 0.6515625 0.2734375 0.1046875
0 0.6703125 0.5921875 0.26484375 0.09609375
0 0.46484375 0.34375 0.259375 0.10078125
0 0.66328125 0.6859375 0.26875 0.10859375
0 0.23046875 0.31875 0.27421875 0.11015625
0 0.6515625 0.434375 0.28984375 0.075
0 0.6984375 0.3640625 0.25078125 0.103125
0 0.50625 0.5078125 0.33671875 0.09296875
0 0.46015625 0.67890625 0.225 0.096875