0 0.6609375 0.2966840277777778 0.25157407407407406 0.11365740740740744
0 0.70578125 0.6959606481481482 0.2699999999999999 0.0923379629629629
0 0.6603993055555556 0.38572337962962966 0.26090277777777776 0.11081018518518508
0 0.25979745370370366 0.7544675925925926 0.2701620370370371 0.1032754629629629
0 0.26178819444444446 0.8309374999999999 0.2574305555555555 0.08728009259259259
0 0.38675925925925925 0.24936342592592592 0.21722222222222215 0.11420138888888891
0 0.6558333333333334 0.535792824074074 0.28709490740740745 0.08659722222222221
0 0.20433449074074073 0.28131944444444446 0.2283449074074074 0.12702546296296297
0 0.4537847222222222 0.5745775462962962 0.29215277777777776 0.11173611111111122
0 0.6822222222222222 0.4413020833333333 0.24215277777777774 0.11025462962962962
0 0.46235532407407404 0.4704629629629629 0.25129629629629624 0.09490740740740726
0 0.45058449074074075 0.3161921296296296 0.2357870370370371 0.10225694444444447
0 0.4802546296296296 0.7908854166666667 0.2500115740740741 0.11361111111111111
0 0.4484606481481482 0.4068402777777778 0.23282407407407407 0.1131018518518518
0 0.6067303240740741 0.2131712962962963 0.2872800925925926 0.09909722222222221
0 0.23390624999999998 0.4990972222222222 0.2761111111111111 0.08314814814814823
0 0.22376736111111112 0.4455150462962963 0.2609259259259259 0.11237268518518526
0 0.4823900462962962 0.6994560185185186 0.2574537037037036 0.0888425925925926
0 0.24359375 0.5831481481481482 0.26864583333333336 0.10635416666666675
0 0.2313599537037037 0.3547048611111111 0.26090277777777776 0.11081018518518508
0 0.7202141203703704 0.7759664351851852 0.2558912037037036 0.08879629629629626
0 0.2515104166666667 0.6813078703703704 0.24861111111111106 0.12450231481481495
0 0.47799768518518515 0.6269618055555556 0.25271990740740746 0.0855787037037036
0 0.7016666666666668 0.6047164351851853 0.2482175925925926 0.09793981481481477