0 0.26177083333333334 0.7619965277777778 0.07895833333333338 0.2279166666666665
0 0.7532349537037037 0.8111111111111111 0.10486111111111107 0.1916666666666668
0 0.5483101851851852 0.7848611111111111 0.07032407407407408 0.23999999999999985
0 0.26362268518518517 0.3724826388888889 0.08134259259259258 0.21555555555555558
0 0.7516493055555555 0.6528645833333334 0.11010416666666671 0.20124999999999993
0 0.3278993055555556 0.7602604166666667 0.09807870370370368 0.23499999999999996
0 0.27533564814814815 0.570138888888889 0.10321759259259258 0.2165277777777778
0 0.5522800925925926 0.40479166666666666 0.09384259259259267 0.21611111111111114
0 0.5476736111111111 0.5900347222222223 0.08878472222222218 0.20965277777777763
0 0.34946180555555556 0.571875 0.09145833333333328 0.22847222222222213
0 0.47068865740740745 0.7767361111111111 0.09476851851851861 0.23173611111111114
0 0.3359143518518518 0.3827083333333333 0.10358796296296298 0.2227777777777778
0 0.7553356481481481 0.4652430555555556 0.09357638888888893 0.23791666666666664
0 0.6034780092592593 0.4140798611111111 0.09743055555555565 0.22406249999999997
0 0.6800636574074075 0.7860416666666666 0.11002314814814831 0.2261805555555556
0 0.6131655092592593 0.6038541666666667 0.09319444444444454 0.20517361111111115
0 0.45870949074074074 0.6008854166666666 0.10663194444444439 0.24784722222222227
0 0.5986805555555555 0.7933333333333333 0.09320601851851862 0.23166666666666663
0 0.4015335648148148 0.5827604166666667 0.08309027777777782 0.21875
0 0.39761574074074074 0.7664756944444444 0.10726851851851853 0.23229166666666662
0 0.6920717592592592 0.6073611111111111 0.09567129629629623 0.19437499999999996
0 0.41247685185185184 0.3861111111111111 0.09659722222222218 0.21000000000000005
0 0.47186921296296297 0.42848958333333337 0.0737268518518519 0.24482638888888886
0 0.6815104166666666 0.41598958333333336 0.10753472222222235 0.2104861111111111