0 0.7261284722222222 0.7319618055555555 0.20509259259259255 0.06365740740740726
0 0.5124421296296295 0.7329050925925926 0.28067129629629617 0.08317129629629641
0 0.31484375 0.7415914351851851 0.2619791666666666 0.08376157407407411
0 0.7244212962962963 0.6517361111111111 0.2135416666666666 0.1233564814814816
0 0.5105034722222221 0.6168229166666667 0.2679398148148149 0.20259259259259252
0 0.33718171296296295 0.6437442129629629 0.31516203703703705 0.17229166666666665
0 0.29259259259259257 0.5844560185185185 0.1710648148148149 0.07125000000000004
0 0.38457754629629626 0.5219849537037037 0.3833333333333334 0.07601851851851844
0 0.630613425925926 0.5107870370370371 0.12465277777777786 0.0813194444444445
0 0.737355324074074 0.5341030092592594 0.21828703703703703 0.2514814814814816
0 0.7352719907407408 0.4219270833333333 0.16898148148148148 0.09921296296296304
0 0.645775462962963 0.39615740740740735 0.18258101851851852 0.1716550925925926
0 0.45523726851851853 0.40369791666666666 0.251099537037037 0.21107638888888883
0 0.27175925925925926 0.43114583333333334 0.18715277777777778 0.16877314814814817
0 0.25604745370370374 0.30798032407407405 0.18483796296296298 0.19048611111111108
0 0.43587962962962956 0.2737037037037037 0.1960648148148149 0.15675925925925932
0 0.7004918981481482 0.35043402777777777 0.18125 0.09361111111111109
0 0.6466145833333333 0.2892881944444444 0.3363425925925926 0.1125694444444445
0 0.6877893518518519 0.20917824074074076 0.23744212962962957 0.09496527777777777
0 0.5245081018518519 0.23869791666666665 0.1724537037037038 0.10875000000000004