0 0.7553993055555555 0.7809317129629629 0.057962962962962904 0.2713425925925925
0 0.6810358796296296 0.8083738425925926 0.10611111111111118 0.21143518518518506
0 0.2996412037037037 0.7142650462962964 0.1263425925925926 0.2624074074074073
0 0.4267592592592592 0.4908159722222222 0.1752777777777778 0.22906250000000003
0 0.29031828703703705 0.47435185185185186 0.17476851851851852 0.21187500000000004
0 0.23417824074074076 0.7053935185185185 0.0960532407407408 0.2405555555555555
0 0.5647685185185185 0.797650462962963 0.22348379629629633 0.223761574074074
0 0.6574074074074074 0.4174884259259259 0.16835648148148152 0.3113888888888889
0 0.44752314814814814 0.3181886574074074 0.14594907407407404 0.1869791666666666
0 0.32098958333333333 0.28424189814814815 0.18515046296296286 0.1936921296296296
0 0.42046875000000006 0.6767129629629629 0.16768518518518505 0.18342592592592588
0 0.6356828703703703 0.5697222222222222 0.21706018518518527 0.2702314814814816
0 0.3715277777777778 0.7704166666666666 0.09437499999999996 0.13126157407407407
0 0.5372685185185185 0.4582060185185185 0.08334490740740748 0.33818287037037037
0 0.7584780092592592 0.5713946759259259 0.0757407407407408 0.23950231481481482
0 0.7703703703703704 0.40769675925925924 0.0747916666666665 0.3127777777777778
0 0.4443229166666667 0.7694965277777778 0.09641203703703702 0.20001157407407427
0 0.27759259259259256 0.5605439814814815 0.16373842592592594 0.2081828703703703
0 0.5231307870370371 0.6976851851851851 0.07967592592592591 0.1617013888888888
0 0.5940914351851851 0.6794560185185186 0.08673611111111104 0.08406249999999993