0 0.74140625 0.10703125 0.3390625 0.21328125
0 0.4703125 0.1203125 0.22421875 0.23203125
0 0.7921875 0.2609375 0.21484375 0.28359375
0 0.69765625 0.31015625 0.221875 0.221875
0 0.521875 0.29375 0.16640625 0.240625
0 0.36953125 0.27109375 0.18515625 0.29453125
0 0.225 0.29453125 0.25234375 0.2703125
0 0.665625 0.51796875 0.5140625 0.18984375
0 0.265625 0.528125 0.465625 0.19453125
0 0.21796875 0.734375 0.21796875 0.228125
0 0.415625 0.72265625 0.171875 0.25078125
0 0.6046875 0.7171875 0.2796875 0.2515625
0 0.79140625 0.7125 0.209375 0.2375