0 0.67265625 0.51640625 0.23984375 0.08515625
0 0.21328125 0.71796875 0.22890625 0.125
0 0.44140625 0.57578125 0.20859375 0.09296875
0 0.68984375 0.265625 0.26015625 0.10859375
0 0.69140625 0.17890625 0.24375 0.084375
0 0.234375 0.1546875 0.2765625 0.078125
0 0.446875 0.26953125 0.23515625 0.08984375
0 0.46875 0.18203125 0.259375 0.10390625
0 0.434375 0.665625 0.21484375 0.1
0 0.4453125 0.51015625 0.20703125 0.0671875
0 0.6609375 0.5828125 0.25078125 0.090625
0 0.6203125 0.7546875 0.26328125 0.0875
0 0.23984375 0.23828125 0.271875 0.09296875
0 0.375 0.7390625 0.221875 0.10546875
0 0.68515625 0.353125 0.23984375 0.096875
0 0.228125 0.6390625 0.24765625 0.0984375
0 0.23125 0.48515625 0.2875 0.05546875
0 0.23359375 0.30859375 0.26484375 0.1046875
0 0.6625 0.6703125 0.24296875 0.10625
0 0.2359375 0.40078125 0.278125 0.09375
0 0.2234375 0.5484375 0.26953125 0.08515625
0 0.43125 0.39921875 0.27421875 0.1
0 0.64296875 0.4296875 0.26953125 0.06953125
0 0.45234375 0.33828125 0.26875 0.103125