0 0.78515625 0.1390625 0.30625 0.259375
0 0.23828125 0.29140625 0.18984375 0.27578125
0 0.36875 0.31640625 0.19375 0.21484375
0 0.8390625 0.30078125 0.2328125 0.26484375
0 0.225 0.74453125 0.22734375 0.23359375
0 0.76171875 0.56171875 0.4765625 0.22421875
0 0.65 0.73515625 0.24609375 0.25703125
0 0.33671875 0.53671875 0.50078125 0.2015625
0 0.725 0.3421875 0.1921875 0.20703125
0 0.46484375 0.1640625 0.2234375 0.2375
0 0.45390625 0.7328125 0.23203125 0.2515625
0 0.55546875 0.33125 0.1875 0.2109375
0 0.82578125 0.75234375 0.221875 0.24140625