0 0.18628472222222223 0.850462962962963 0.19409722222222223 0.19201388888888893
0 0.33035300925925926 0.7679108796296297 0.18495370370370362 0.19756944444444446
0 0.21487268518518515 0.6919849537037037 0.18796296296296297 0.19467592592592595
0 0.5117476851851851 0.862037037037037 0.1662037037037038 0.19618055555555572
0 0.3752314814814815 0.6137731481481481 0.14913194444444447 0.19803240740740727
0 0.3185763888888889 0.9166666666666666 0.19270833333333331 0.15451388888888892
0 0.2478877314814815 0.5408854166666666 0.21608796296296298 0.19675925925925916
0 0.5202835648148149 0.7161747685185185 0.14496527777777785 0.16967592592592595
0 0.2437789351851852 0.3980034722222222 0.1802083333333334 0.15358796296296298
0 0.5294849537037037 0.5734953703703705 0.16608796296296297 0.1930555555555557
0 0.5457465277777778 0.45170717592592596 0.15115740740740743 0.12650462962962958