0 0.56484375 0.57515625 0.259375 0.24229166666666657
0 0.6828125 0.3361458333333333 0.29375 0.2711458333333333
0 0.41953125 0.7990625 0.253125 0.2856249999999999
0 0.34375 0.5924479166666666 0.2625 0.27375000000000005
0 0.1859375 0.7756770833333333 0.2421875 0.3005208333333334
0 0.87890625 0.346875 0.215625 0.2768750000000001
0 0.13046875 0.5704166666666667 0.196875 0.26468749999999996
0 0.45703125 0.33046875 0.2375 0.24083333333333332
0 0.65625 0.78359375 0.2546875 0.3294791666666665
0 0.85546875 0.80546875 0.2234375 0.28364583333333326
0 0.23828125 0.31588541666666664 0.2625 0.26125