0 0.859375 0.275 0.0890625 0.2546875
0 0.77578125 0.278125 0.09609375 0.2734375
0 0.83359375 0.4984375 0.10390625 0.2578125
0 0.7453125 0.740625 0.096875 0.28671875
0 0.74453125 0.50625 0.084375 0.26875
0 0.60390625 0.48125 0.09296875 0.296875
0 0.7078125 0.2828125 0.10078125 0.275
0 0.8375 0.75234375 0.0890625 0.26875
0 0.4625 0.25234375 0.10625 0.271875
0 0.66484375 0.73671875 0.08359375 0.2671875
0 0.503125 0.49453125 0.1015625 0.25703125
0 0.58046875 0.69296875 0.08125 0.3125
0 0.33828125 0.4875 0.10078125 0.2453125
0 0.36328125 0.2609375 0.11484375 0.26796875
0 0.4203125 0.70859375 0.1 0.278125
0 0.43125 0.4796875 0.115625 0.24296875
0 0.61171875 0.26796875 0.09609375 0.278125
0 0.284375 0.23515625 0.121875 0.240625
0 0.265625 0.428125 0.10625 0.20859375
0 0.334375 0.7140625 0.109375 0.25859375
0 0.2421875 0.6546875 0.09375 0.3078125
0 0.48515625 0.725 0.10078125 0.265625
0 0.68984375 0.49921875 0.0734375 0.2609375
0 0.5296875 0.25078125 0.0875 0.27578125