0 0.65796875 0.767361111111111 0.07312499999999993 0.20888888888888885
0 0.37234375000000003 0.7264583333333332 0.08770833333333332 0.2406944444444445
0 0.6608854166666667 0.5708159722222221 0.0828125 0.237361111111111
0 0.16578125 0.7102256944444444 0.08843750000000003 0.22826388888888882
0 0.5096354166666666 0.7474479166666667 0.08854166666666678 0.20645833333333313
0 0.45197916666666665 0.5309722222222222 0.08187500000000014 0.1999305555555555
0 0.31124999999999997 0.7025868055555555 0.09041666666666667 0.23458333333333314
0 0.23979166666666663 0.7166493055555556 0.12281250000000003 0.22979166666666656
0 0.3261458333333333 0.5261631944444444 0.06395833333333334 0.1648611111111112
0 0.5913541666666667 0.7675347222222222 0.10989583333333322 0.19961805555555562
0 0.52921875 0.5829861111111111 0.11135416666666664 0.22149305555555543
0 0.37453125 0.5408506944444444 0.09229166666666674 0.16923611111111114
0 0.37609375 0.36461805555555554 0.15374999999999997 0.24986111111111117
0 0.5913020833333333 0.5802604166666667 0.11854166666666668 0.23583333333333342
0 0.21609375000000003 0.5667187499999999 0.12083333333333339 0.17673611111111107
0 0.6168750000000001 0.37296875 0.08656249999999996 0.20013888888888892
0 0.261875 0.3148784722222222 0.18979166666666672 0.18291666666666667
0 0.6764583333333334 0.39598958333333334 0.09041666666666667 0.2345833333333333
0 0.5011979166666667 0.30984375000000003 0.11229166666666668 0.09534722222222225
0 0.2377604166666667 0.4885416666666667 0.1989583333333334 0.2269444444444444
0 0.4430208333333333 0.7358680555555555 0.08333333333333322 0.2218055555555555
0 0.5276562499999999 0.441875 0.24666666666666667 0.33499999999999996