0 0.65546875 0.51796875 0.24609375 0.08515625
0 0.678125 0.1875 0.25078125 0.0828125
0 0.67421875 0.271875 0.2625 0.10234375
0 0.20390625 0.721875 0.221875 0.11328125
0 0.43046875 0.57578125 0.2140625 0.09453125
0 0.4484375 0.18828125 0.2640625 0.10078125
0 0.22421875 0.1625 0.26953125 0.0765625
0 0.671875 0.359375 0.23828125 0.09375
0 0.44921875 0.50703125 0.23515625 0.096875
0 0.64765625 0.57734375 0.24765625 0.0875
0 0.4375 0.33828125 0.26328125 0.09140625
0 0.44921875 0.27734375 0.25546875 0.0890625
0 0.4375 0.665625 0.26171875 0.09609375
0 0.61015625 0.74609375 0.2703125 0.08828125
0 0.36015625 0.73203125 0.2265625 0.11015625
0 0.22109375 0.63203125 0.24921875 0.08828125
0 0.23046875 0.23671875 0.28125 0.09765625
0 0.2234375 0.40234375 0.27109375 0.0921875
0 0.21953125 0.49140625 0.28125 0.05703125
0 0.2140625 0.5484375 0.26796875 0.08828125
0 0.65078125 0.66328125 0.24453125 0.1078125
0 0.63125 0.42890625 0.27265625 0.06953125
0 0.21640625 0.309375 0.2625 0.10546875
0 0.428125 0.40078125 0.29140625 0.09765625