0 0.21640625 0.1921875 0.2328125 0.07109375
0 0.22734375 0.2640625 0.24609375 0.08671875
0 0.6375 0.2046875 0.2203125 0.08046875
0 0.41875 0.21015625 0.22109375 0.0953125
0 0.43515625 0.29296875 0.23671875 0.08984375
0 0.63828125 0.2796875 0.23828125 0.1015625
0 0.421875 0.34765625 0.234375 0.07734375
0 0.6390625 0.36484375 0.21953125 0.0890625
0 0.22421875 0.4875 0.25703125 0.0515625
0 0.22109375 0.32890625 0.23671875 0.08984375
0 0.4359375 0.503125 0.22890625 0.07890625
0 0.43046875 0.571875 0.2046875 0.0828125
0 0.225 0.55 0.24765625 0.08359375
0 0.228125 0.4125 0.24921875 0.0859375
0 0.62734375 0.57109375 0.2328125 0.08203125
0 0.603125 0.42890625 0.2515625 0.06640625
0 0.23828125 0.6328125 0.2359375 0.1
0 0.4328125 0.6515625 0.19765625 0.09140625
0 0.63515625 0.65 0.221875 0.1
0 0.6328125 0.5125 0.225 0.08125
0 0.3734375 0.71484375 0.21328125 0.09140625
0 0.4140625 0.409375 0.26484375 0.09765625
0 0.596875 0.725 0.24765625 0.0796875
0 0.221875 0.7078125 0.2 0.0953125