0 0.21896412037037036 0.1502025462962963 0.31393518518518515 0.2752546296296296
0 0.7703530092592592 0.33090277777777777 0.19877314814814823 0.2848842592592593
0 0.640625 0.34913773148148153 0.2001388888888888 0.2256712962962963
0 0.16984953703703703 0.3091261574074074 0.24068287037037037 0.2776967592592593
0 0.7970601851851852 0.7847164351851852 0.23506944444444464 0.24620370370370354
0 0.25492476851851853 0.5740740740740741 0.48322916666666665 0.24971064814814808
0 0.3717824074074074 0.7533043981481482 0.2544675925925926 0.26905092592592583
0 0.6791840277777778 0.5711111111111111 0.5059722222222222 0.22748842592592594
0 0.2851388888888889 0.3564467592592593 0.1982986111111112 0.2162152777777778
0 0.5400173611111111 0.1918113425925926 0.23047453703703696 0.24908564814814813
0 0.567806712962963 0.7611284722222222 0.23870370370370358 0.2635532407407407
0 0.4543460648148148 0.3542997685185185 0.19375 0.22065972222222224
0 0.1965104166666667 0.7613773148148149 0.2290046296296296 0.25212962962962954