0 0.76484375 0.7320254629629629 0.078125 0.21481481481481488
0 0.74765625 0.5356597222222221 0.0859375 0.2119212962962962
0 0.74140625 0.33740740740740743 0.065625 0.2113194444444444
0 0.675 0.34328125 0.090625 0.21362268518518518
0 0.67109375 0.5340219907407407 0.084375 0.22125000000000003
0 0.70078125 0.7339236111111112 0.09375 0.24652777777777785
0 0.590625 0.35046875 0.09375 0.20902777777777776
0 0.61171875 0.5482812499999999 0.09375 0.20902777777777787
0 0.64140625 0.7395891203703704 0.0953125 0.21844907407407418
0 0.56640625 0.7488425925925927 0.084375 0.22750000000000004
0 0.55703125 0.5702141203703703 0.1125 0.24395833333333333
0 0.53359375 0.3880960648148148 0.078125 0.26793981481481477
0 0.4875 0.7558680555555556 0.071875 0.22712962962962954
0 0.46875 0.5579861111111111 0.084375 0.21968749999999987
0 0.45234375 0.3592534722222222 0.0921875 0.19960648148148152
0 0.403125 0.37711805555555555 0.0875 0.2432175925925925
0 0.4109375 0.569855324074074 0.0875 0.22134259259259254
0 0.42890625 0.7615104166666666 0.084375 0.22437499999999985
0 0.32421875 0.3794560185185185 0.090625 0.19799768518518518
0 0.33203125 0.552662037037037 0.08125 0.20240740740740737
0 0.3515625 0.7598958333333334 0.0890625 0.24170138888888887
0 0.25390625 0.4338831018518518 0.075 0.23972222222222223
0 0.2671875 0.6342708333333333 0.0875 0.2197800925925925
0 0.284375 0.7876678240740741 0.1 0.18890046296296284