0 0.75234375 0.32265625 0.38984375 0.24609375
0 0.31875 0.35546875 0.40078125 0.16015625
0 0.759375 0.22265625 0.23125 0.196875
0 0.675 0.44609375 0.3765625 0.10625
0 0.5140625 0.1328125 0.1296875 0.06875
0 0.2796875 0.6 0.40625 0.16015625
0 0.31875 0.20546875 0.321875 0.1734375
0 0.153125 0.23046875 0.20625 0.2203125
0 0.62734375 0.84140625 0.34296875 0.2453125
0 0.36484375 0.74140625 0.39296875 0.29921875
0 0.584375 0.6625 0.3046875 0.240625
0 0.7546875 0.59921875 0.328125 0.18125
0 0.584375 0.2265625 0.40703125 0.2421875
0 0.2890625 0.4234375 0.5625 0.16015625
0 0.5390625 0.3828125 0.13515625 0.1078125