0 0.2899247685185185 0.74484375 0.05929398148148142 0.20342592592592582
0 0.35170717592592593 0.7399074074074073 0.11083333333333334 0.20335648148148167
0 0.44000000000000006 0.7435763888888889 0.07945601851851851 0.1843171296296296
0 0.5080613425925926 0.7351041666666667 0.07655092592592591 0.21381944444444442
0 0.3062962962962963 0.5394733796296296 0.07666666666666666 0.22944444444444442
0 0.3640393518518518 0.5522743055555556 0.07662037037037042 0.22319444444444442
0 0.42416666666666664 0.5597453703703703 0.11722222222222226 0.22247685185185198
0 0.5009432870370369 0.5353761574074074 0.07011574074074076 0.18844907407407413
0 0.4493460648148148 0.43149305555555556 0.21171296296296288 0.32803240740740736
0 0.29347222222222225 0.3714525462962963 0.076712962962963 0.23569444444444443
0 0.3599710648148148 0.36288773148148146 0.08291666666666667 0.22981481481481483
0 0.4720659722222223 0.31872685185185184 0.12907407407407412 0.13571759259259258
0 0.576875 0.7305844907407407 0.07356481481481474 0.23238425925925926
0 0.638761574074074 0.7115856481481482 0.09236111111111107 0.2397453703703704
0 0.717505787037037 0.7381365740740741 0.07967592592592591 0.21400462962962977
0 0.7855208333333333 0.7359143518518518 0.07652777777777757 0.21069444444444443
0 0.5885185185185186 0.5304050925925926 0.08400462962962969 0.1658449074074074
0 0.5951620370370371 0.3721354166666667 0.14884259259259275 0.2743287037037037
0 0.7143171296296297 0.32448495370370367 0.18256944444444442 0.18886574074074075
0 0.7318229166666667 0.49356481481481485 0.18747685185185184 0.2188310185185184
0 0.7484375 0.5719270833333333 0.11668981481481495 0.150601851851852
0 0.6400868055555555 0.5326793981481481 0.06664351851851862 0.1413888888888888