0 0.7336805555555556 0.22989004629629628 0.2679513888888888 0.24149305555555553
0 0.5252604166666666 0.3561168981481481 0.2583333333333332 0.27061342592592597
0 0.27458333333333335 0.23505787037037038 0.22822916666666665 0.25969907407407405
0 0.7138368055555556 0.44733217592592595 0.26423611111111106 0.26312499999999994
0 0.4831423611111111 0.5637905092592593 0.22333333333333344 0.2547685185185184
0 0.5454340277777778 0.14887152777777776 0.23531250000000004 0.2086226851851852
0 0.671875 0.6691087962962963 0.29513888888888895 0.2569328703703704
0 0.24347222222222223 0.6531597222222223 0.23722222222222217 0.28666666666666674
0 0.2628993055555556 0.4450925925925926 0.2149652777777778 0.24186342592592586
0 0.6704687500000001 0.8593171296296296 0.2529166666666665 0.218888888888889
0 0.2287847222222222 0.8426793981481481 0.24625000000000002 0.20918981481481466