0 0.2817013888888889 0.35302662037037036 0.250787037037037 0.1331944444444444
0 0.2116898148148148 0.6083796296296297 0.22003472222222217 0.21856481481481485
0 0.5304224537037037 0.34973379629629625 0.19896990740740747 0.17839120370370373
0 0.7127199074074074 0.3824884259259259 0.19548611111111108 0.19842592592592592
0 0.43548032407407405 0.33783564814814815 0.18396990740740743 0.13546296296296295
0 0.20143518518518516 0.7285069444444444 0.21208333333333335 0.11065972222222235
0 0.44277199074074075 0.6910648148148149 0.26148148148148137 0.20856481481481487
0 0.6803125 0.5060069444444444 0.18020833333333322 0.15081018518518513
0 0.29087962962962965 0.2775231481481481 0.22815972222222225 0.0929282407407408
0 0.5102372685185185 0.47868055555555555 0.24511574074074077 0.19513888888888892
0 0.3255844907407407 0.4724421296296296 0.19069444444444442 0.17011574074074076
0 0.6535011574074074 0.6541608796296297 0.16032407407407412 0.07800925925925917
0 0.4243865740740741 0.8028703703703703 0.24929398148148146 0.08172453703703723
0 0.6589930555555557 0.6011747685185185 0.14689814814814817 0.06164351851851855
0 0.2478009259259259 0.42236111111111113 0.15068287037037037 0.09923611111111122
0 0.2059548611111111 0.7977662037037037 0.2139930555555556 0.0640625
0 0.5944618055555555 0.7243576388888889 0.3153240740740742 0.1712731481481482
0 0.6111053240740741 0.8139351851851853 0.25949074074074086 0.06987268518518519
0 0.22327546296296297 0.4922511574074074 0.1678703703703704 0.10025462962962947