0 0.5755555555555556 0.5277777777777778 0.2673263888888888 0.1534143518518519
0 0.56828125 0.3931134259259259 0.39236111111111105 0.26412037037037034
0 0.3154166666666667 0.484375 0.29131944444444446 0.16678240740740743
0 0.4919097222222222 0.7250868055555555 0.4147222222222222 0.20567129629629619
0 0.5145138888888889 0.25159143518518523 0.4059722222222222 0.1491898148148149
0 0.2777604166666667 0.33133680555555556 0.26732638888888893 0.1534143518518519
0 0.3090451388888889 0.7505787037037037 0.2061805555555555 0.14646990740740745
0 0.33217013888888886 0.6163483796296296 0.27868055555555554 0.16319444444444428
0 0.40951388888888884 0.4028935185185185 0.06972222222222228 0.1648148148148149
0 0.4918055555555555 0.7274305555555556 0.4207638888888889 0.20121527777777787
0 0.5690972222222223 0.6730902777777777 0.27993055555555557 0.19131944444444446
0 0.4510416666666667 0.8022569444444445 0.14243055555555556 0.04583333333333321