0 0.2375 0.196875 0.2171875 0.06796875
0 0.44296875 0.21640625 0.2203125 0.08515625
0 0.64375 0.2140625 0.23671875 0.0734375
0 0.64453125 0.28203125 0.22890625 0.09765625
0 0.24453125 0.26875 0.24453125 0.0796875
0 0.45546875 0.2875 0.23984375 0.08671875
0 0.646875 0.3640625 0.20703125 0.08359375
0 0.43671875 0.34765625 0.20859375 0.08515625
0 0.24140625 0.32890625 0.21015625 0.0828125
0 0.240625 0.4078125 0.22109375 0.0828125
0 0.42421875 0.40546875 0.24921875 0.10390625
0 0.609375 0.4265625 0.25625 0.0625
0 0.646875 0.503125 0.19921875 0.0859375
0 0.4484375 0.49453125 0.21953125 0.07265625
0 0.24296875 0.48671875 0.2453125 0.0671875
0 0.24375 0.540625 0.23203125 0.08671875
0 0.4359375 0.55390625 0.20234375 0.09140625
0 0.6296875 0.55703125 0.23125 0.07890625
0 0.646875 0.63359375 0.2046875 0.08671875
0 0.45703125 0.63203125 0.190625 0.0796875
0 0.25546875 0.6171875 0.22578125 0.090625
0 0.23359375 0.6875 0.1984375 0.10390625
0 0.3828125 0.696875 0.225 0.096875
0 0.60390625 0.70859375 0.26328125 0.071875