0 0.25561342592592595 0.12118055555555556 0.258912037037037 0.08136574074074074
0 0.2620949074074074 0.2750578703703704 0.269212962962963 0.10671296296296298
0 0.2649884259259259 0.20532407407407405 0.28784722222222225 0.10428240740740743
0 0.485474537037037 0.222974537037037 0.26707175925925936 0.09103009259259257
0 0.4973958333333333 0.14351851851851852 0.24756944444444445 0.11215277777777777
0 0.48344907407407406 0.2950231481481482 0.26423611111111106 0.0987268518518519
0 0.2601851851851852 0.3713541666666667 0.2815972222222222 0.10405092592592595
0 0.4812789351851852 0.5321469907407408 0.24421296296296297 0.10578703703703703
0 0.71796875 0.226880787037037 0.28148148148148133 0.10092592592592595
0 0.4640914351851852 0.36380208333333336 0.30248842592592595 0.12042824074074074
0 0.6930844907407407 0.3787905092592593 0.29021990740740744 0.08408564814814809
0 0.48993055555555554 0.4700231481481481 0.25329861111111107 0.09832175925925916
0 0.7237268518518519 0.12887731481481482 0.2706597222222221 0.10364583333333335
0 0.25170717592592595 0.52265625 0.26313657407407404 0.1111689814814815
0 0.24930555555555553 0.690162037037037 0.2416666666666666 0.1212962962962962
0 0.487818287037037 0.62421875 0.24571759259259257 0.10428240740740743
0 0.7223668981481481 0.30338541666666663 0.2537037037037038 0.10925925925925925
0 0.25546875 0.45523726851851853 0.28379629629629627 0.07916666666666661
0 0.43657407407407406 0.6980902777777778 0.21481481481481488 0.1125
0 0.27155671296296297 0.615017361111111 0.2695601851851851 0.11608796296296298
0 0.7005497685185185 0.5381076388888889 0.27858796296296295 0.10706018518518512
0 0.7106770833333333 0.6214409722222223 0.256712962962963 0.10625
0 0.7155381944444444 0.47809606481481487 0.2597800925925927 0.10480324074074084
0 0.6616030092592593 0.7116608796296295 0.3031828703703704 0.09704861111111107