0 0.46980902777777783 0.18438657407407408 0.2427777777777777 0.10400462962962961
0 0.46708333333333335 0.48270833333333335 0.22545138888888888 0.09724537037037032
0 0.45461805555555557 0.5517824074074074 0.2081944444444444 0.09361111111111117
0 0.46592013888888884 0.640451388888889 0.22083333333333338 0.10023148148148149
0 0.66453125 0.4862268518518519 0.23309027777777783 0.08966435185185198
0 0.6791145833333333 0.25157407407407406 0.2492013888888888 0.11200231481481478
0 0.47894097222222226 0.2653125 0.21434027777777764 0.08910879629629634
0 0.23274305555555555 0.6988888888888889 0.21475694444444446 0.10785879629629633
0 0.6855902777777778 0.17096643518518517 0.24249999999999988 0.09150462962962962
0 0.2530381944444445 0.17207175925925927 0.253125 0.07776620370370368
0 0.6795833333333333 0.33587962962962964 0.2302083333333334 0.10050925925925921
0 0.2484375 0.6250347222222222 0.23347222222222222 0.10685185185185198
0 0.46585069444444444 0.32737847222222227 0.2157638888888888 0.08290509259259267
0 0.6636458333333334 0.6314699074074074 0.22722222222222221 0.10666666666666665
0 0.25616319444444446 0.3125115740740741 0.2459722222222222 0.10722222222222219
0 0.6174305555555556 0.7085706018518518 0.2643750000000001 0.09215277777777775
0 0.6544965277777777 0.5513252314814815 0.24253472222222214 0.09306712962962962
0 0.24770833333333334 0.48218171296296297 0.26375000000000004 0.06402777777777775
0 0.24256944444444445 0.5377662037037038 0.25184027777777784 0.09021990740740726
0 0.2614756944444444 0.24911458333333333 0.25649305555555557 0.08879629629629626
0 0.3832638888888889 0.7061400462962963 0.19277777777777771 0.1025231481481482
0 0.6351909722222222 0.40121527777777777 0.2671180555555555 0.07505787037037041
0 0.42470486111111116 0.3871527777777778 0.23968749999999997 0.10547453703703713
0 0.25350694444444444 0.39690972222222226 0.2566319444444445 0.09504629629629627