0 0.3296875 0.26260416666666664 0.3388541666666667 0.1682291666666667
0 0.3263020833333333 0.7282118055555555 0.4088541666666667 0.16510416666666677
0 0.69484375 0.5173784722222223 0.4362499999999999 0.15479166666666658
0 0.31036458333333333 0.40699652777777773 0.3980208333333334 0.21322916666666672
0 0.6892708333333333 0.1638541666666667 0.41854166666666687 0.17
0 0.67578125 0.4074826388888889 0.38135416666666655 0.1504513888888889
0 0.7433854166666667 0.27140624999999996 0.5040625000000002 0.1890625
0 0.3022916666666666 0.6379861111111111 0.3902083333333334 0.11944444444444446
0 0.32156250000000003 0.1876736111111111 0.3314583333333333 0.15090277777777777
0 0.7480208333333334 0.6343402777777778 0.48937500000000006 0.13256944444444443
0 0.7107291666666666 0.7556597222222223 0.4704166666666666 0.1290277777777778
0 0.3369270833333333 0.5355034722222223 0.3991666666666667 0.13680555555555554