0 0.7513368055555556 0.3545486111111111 0.18493055555555546 0.17099537037037038
0 0.7756770833333333 0.6407349537037037 0.15680555555555564 0.17016203703703708
0 0.6153819444444444 0.35779513888888886 0.1531944444444445 0.14819444444444443
0 0.4808854166666666 0.3563078703703703 0.17847222222222214 0.16143518518518524
0 0.6840798611111112 0.5293113425925926 0.16125000000000006 0.15936342592592592
0 0.6215624999999999 0.6359201388888889 0.17065972222222214 0.16120370370370374
0 0.5404687499999999 0.5046412037037037 0.17152777777777786 0.13000000000000006
0 0.4868402777777778 0.6242766203703705 0.17763888888888885 0.19420138888888872
0 0.8136979166666667 0.52234375 0.13177083333333323 0.1678587962962963
0 0.35652777777777783 0.6351736111111111 0.13322916666666665 0.16321759259259264
0 0.3627951388888889 0.35433449074074075 0.11909722222222223 0.159675925925926