0 0.12118055555555556 0.24788194444444445 0.08136574074074074 0.2578472222222222
0 0.2750578703703704 0.24524305555555553 0.10671296296296298 0.2677777777777778
0 0.20532407407407405 0.25225694444444446 0.10428240740740743 0.28645833333333337
0 0.222974537037037 0.4712152777777778 0.09103009259259257 0.2658680555555556
0 0.14351851851851852 0.4878125 0.11215277777777777 0.24604166666666671
0 0.2950231481481482 0.4649305555555555 0.0987268518518519 0.26291666666666663
0 0.3713541666666667 0.2376388888888889 0.10405092592592595 0.2802083333333334
0 0.5321469907407408 0.44873263888888887 0.10578703703703703 0.2427777777777777
0 0.226880787037037 0.7029687499999999 0.10092592592592595 0.28013888888888905
0 0.36380208333333336 0.4415451388888889 0.12042824074074074 0.3008680555555555
0 0.3787905092592593 0.6691493055555556 0.08408564814814809 0.2891319444444445
0 0.4700231481481481 0.4610416666666667 0.09832175925925916 0.25197916666666664
0 0.12887731481481482 0.7145138888888889 0.10364583333333335 0.26927083333333324
0 0.52265625 0.22022569444444443 0.1111689814814815 0.2616319444444444
0 0.690162037037037 0.20791666666666667 0.1212962962962962 0.24000000000000005
0 0.62421875 0.4498090277777777 0.10428240740740743 0.24430555555555564
0 0.30338541666666663 0.7028298611111111 0.10925925925925925 0.25222222222222224
0 0.45523726851851853 0.22796875 0.07916666666666661 0.28277777777777774
0 0.6980902777777778 0.3943055555555556 0.1125 0.21326388888888897
0 0.615017361111111 0.2345659722222222 0.11608796296296298 0.26798611111111104
0 0.5381076388888889 0.667170138888889 0.10706018518518512 0.2771527777777777
0 0.6214409722222223 0.6723437499999999 0.10625 0.2552777777777777
0 0.47809606481481487 0.6856770833333333 0.10480324074074084 0.2583680555555555
0 0.7116608796296295 0.6180381944444445 0.09704861111111107 0.3019097222222221