0 0.8359375 0.25859375 0.0890625 0.253125
0 0.76171875 0.25546875 0.0921875 0.27265625
0 0.7203125 0.70546875 0.1078125 0.2828125
0 0.79765625 0.49765625 0.10078125 0.2421875
0 0.71953125 0.48125 0.0828125 0.26328125
0 0.68671875 0.24609375 0.11484375 0.25078125
0 0.57890625 0.44921875 0.10859375 0.28828125
0 0.6234375 0.6984375 0.0953125 0.253125
0 0.8015625 0.72109375 0.07421875 0.25546875
0 0.47734375 0.459375 0.0890625 0.2484375
0 0.5890625 0.2390625 0.09453125 0.26484375
0 0.44453125 0.21953125 0.109375 0.26484375
0 0.55390625 0.65 0.07578125 0.28984375
0 0.35546875 0.22421875 0.1046875 0.26484375
0 0.4125 0.4375 0.1109375 0.23515625
0 0.3203125 0.43984375 0.1015625 0.2375
0 0.64140625 0.471875 0.08046875 0.25859375
0 0.40078125 0.66015625 0.1 0.26328125
0 0.2546875 0.3734375 0.11640625 0.22578125
0 0.50859375 0.2296875 0.07265625 0.28125
0 0.31171875 0.65546875 0.10546875 0.2609375
0 0.27421875 0.19375 0.121875 0.23359375
0 0.22421875 0.60390625 0.09453125 0.29140625
0 0.459375 0.68046875 0.1 0.24765625