0 0.38244791666666667 0.31391782407407404 0.10250000000000004 0.256712962962963
0 0.6973958333333334 0.36539351851851853 0.11177083333333329 0.25237268518518513
0 0.2580208333333333 0.7565972222222221 0.09826388888888893 0.2768518518518519
0 0.5477083333333332 0.3387731481481482 0.10868055555555571 0.2538194444444445
0 0.7645312499999999 0.646556712962963 0.1172569444444445 0.2182291666666666
0 0.6928124999999999 0.5806712962962963 0.10847222222222222 0.24444444444444446
0 0.5347395833333334 0.5631076388888889 0.09305555555555553 0.2532407407407408
0 0.6083680555555555 0.3636574074074074 0.10437499999999993 0.2708333333333333
0 0.29803819444444446 0.3092303240740741 0.08746527777777775 0.28269675925925924
0 0.18690972222222224 0.7531828703703703 0.08378472222222219 0.2575810185185185
0 0.7893229166666667 0.42734375 0.10027777777777783 0.29722222222222217
0 0.4302083333333333 0.5662615740740741 0.1284027777777778 0.29826388888888894
0 0.20763888888888887 0.5267939814814815 0.1087847222222222 0.25850694444444444
0 0.6006597222222222 0.5788194444444444 0.11465277777777771 0.24155092592592595
0 0.20859375 0.288744212962963 0.09177083333333336 0.2656828703703704
0 0.4562326388888889 0.3673900462962963 0.08145833333333333 0.29340277777777785
0 0.2935590277777778 0.5291956018518519 0.08736111111111118 0.2780092592592592
0 0.42795138888888895 0.7808449074074074 0.10277777777777786 0.269212962962963
0 0.5140972222222222 0.7934027777777778 0.0797569444444445 0.28709490740740745
0 0.5736979166666667 0.8057581018518519 0.11364583333333336 0.2664930555555557
0 0.746875 0.8355902777777778 0.12548611111111113 0.23726851851851832
0 0.6641666666666668 0.8020833333333334 0.11527777777777785 0.26967592592592593
0 0.3734027777777778 0.5391782407407407 0.07756944444444444 0.258912037037037
0 0.3260590277777778 0.7622395833333333 0.09638888888888886 0.2627314814814815