0 0.2484375 0.28515625 0.1640625 0.05078125
0 0.54296875 0.30078125 0.16015625 0.05078125
0 0.54453125 0.35390625 0.1671875 0.065625
0 0.409375 0.51171875 0.16015625 0.05625
0 0.4046875 0.35859375 0.18125 0.0578125
0 0.25859375 0.33984375 0.18046875 0.0640625
0 0.24921875 0.50859375 0.178125 0.04140625
0 0.5453125 0.4109375 0.153125 0.0640625
0 0.4 0.30234375 0.17109375 0.06640625
0 0.40078125 0.4046875 0.17265625 0.05234375
0 0.2546875 0.3875 0.17890625 0.071875
0 0.54609375 0.51640625 0.15234375 0.06015625
0 0.53515625 0.5578125 0.16328125 0.0625
0 0.515625 0.45859375 0.1828125 0.0453125
0 0.5453125 0.6125 0.15546875 0.06953125
0 0.396875 0.56171875 0.159375 0.0609375
0 0.40625 0.6171875 0.1546875 0.06328125
0 0.25234375 0.5453125 0.17890625 0.06015625
0 0.36875 0.6609375 0.15 0.06875
0 0.2625 0.60625 0.175 0.0703125
0 0.5140625 0.6671875 0.1796875 0.05234375
0 0.25703125 0.4484375 0.17734375 0.06484375
0 0.24375 0.6609375 0.146875 0.06875
0 0.390625 0.44375 0.19765625 0.06875