0 0.86953125 0.25078125 0.071875 0.25546875
0 0.715625 0.2515625 0.09609375 0.265625
0 0.78515625 0.25703125 0.09296875 0.28515625
0 0.759375 0.4765625 0.08046875 0.2640625
0 0.83828125 0.49140625 0.103125 0.24453125
0 0.6875 0.471875 0.0890625 0.2609375
0 0.61953125 0.24609375 0.09296875 0.278125
0 0.45078125 0.4609375 0.096875 0.23984375
0 0.746875 0.70859375 0.09140625 0.278125
0 0.61953125 0.45 0.109375 0.2984375
0 0.59609375 0.678125 0.0734375 0.28828125
0 0.5125 0.471875 0.0890625 0.24921875
0 0.84453125 0.71796875 0.09296875 0.2671875
0 0.46875 0.23203125 0.1015625 0.259375
0 0.3015625 0.2234375 0.11171875 0.2375
0 0.35859375 0.4640625 0.0953125 0.2421875
0 0.6703125 0.71015625 0.1 0.25
0 0.5359375 0.23828125 0.06953125 0.28046875
0 0.28671875 0.41015625 0.1046875 0.2109375
0 0.37578125 0.2484375 0.10703125 0.26640625
0 0.43671875 0.6796875 0.096875 0.275
0 0.353125 0.68671875 0.09609375 0.25390625
0 0.49609375 0.696875 0.0953125 0.25625
0 0.26484375 0.634375 0.0859375 0.30078125