0 0.2582928240740741 0.7917824074074075 0.2365393518518518 0.08912037037037024
0 0.2655034722222222 0.7190972222222223 0.2514120370370371 0.10578703703703703
0 0.6787384259259259 0.7480902777777778 0.2245254629629631 0.09756944444444446
0 0.4597048611111111 0.7588252314814815 0.22525462962962967 0.11163194444444428
0 0.4718171296296297 0.6747974537037037 0.2421990740740741 0.10821759259259256
0 0.675630787037037 0.6730324074074074 0.2427662037037038 0.11915509259259274
0 0.4557002314814815 0.62109375 0.23842592592592596 0.09548611111111108
0 0.6719965277777777 0.587818287037037 0.2233680555555555 0.1052662037037038
0 0.2507928240740741 0.4958912037037037 0.2589236111111111 0.07054398148148149
0 0.25589120370370366 0.6547164351851852 0.2421990740740741 0.10821759259259256
0 0.4617013888888889 0.4645833333333334 0.23217592592592595 0.09502314814814809
0 0.4526678240740741 0.39623842592592595 0.20898148148148152 0.09797453703703703
0 0.24833333333333335 0.4333333333333333 0.25125000000000003 0.10266203703703702
0 0.25858796296296294 0.5706018518518519 0.2544560185185185 0.10445601851851852
0 0.6495833333333334 0.38243634259259257 0.23702546296296295 0.09849537037037041
0 0.6327372685185185 0.526417824074074 0.25496527777777767 0.08425925925925917
0 0.25732060185185185 0.34953703703703703 0.24112268518518515 0.1174768518518519
0 0.45087962962962963 0.3163773148148148 0.2031365740740741 0.10532407407407404
0 0.6533043981481482 0.3029513888888889 0.22706018518518506 0.11643518518518521
0 0.6580902777777778 0.440625 0.22921296296296312 0.09791666666666661
0 0.38822337962962966 0.257494212962963 0.2187615740740741 0.10648148148148148
0 0.4446875 0.5599537037037037 0.27064814814814825 0.11655092592592595
0 0.6111342592592592 0.230787037037037 0.2510069444444444 0.09797453703703703
0 0.23702546296296295 0.27575231481481477 0.20494212962962965 0.11012731481481489