0 0.3595891203703704 0.4605960648148148 0.243449074074074 0.0988773148148148
0 0.579861111111111 0.8051157407407408 0.2764930555555555 0.10717592592592595
0 0.5827604166666667 0.7184780092592593 0.25121527777777786 0.09743055555555565
0 0.8309837962962963 0.26688657407407407 0.2365162037037038 0.12844907407407408
0 0.6001099537037037 0.40793402777777776 0.2186805555555555 0.1063194444444445
0 0.34923611111111114 0.7173611111111111 0.26408564814814817 0.11011574074074063
0 0.3438541666666667 0.7992766203703704 0.24473379629629638 0.08952546296296297
0 0.8080844907407407 0.8381712962962963 0.2804398148148149 0.08224537037037045
0 0.4064583333333333 0.22389467592592593 0.26527777777777783 0.09763888888888887
0 0.8088773148148147 0.6804398148148149 0.26537037037037053 0.10076388888888879
0 0.37260416666666674 0.3990972222222222 0.25287037037037036 0.10057870370370363
0 0.5795370370370371 0.47791087962962964 0.26040509259259254 0.09131944444444447
0 0.8040914351851851 0.7561168981481481 0.28113425925925917 0.10568287037037045
0 0.6403125 0.2625 0.2543518518518518 0.15057870370370371
0 0.8166145833333334 0.4408159722222222 0.2763078703703705 0.10092592592592595
0 0.3535358796296296 0.6252777777777778 0.24505787037037036 0.10046296296296298
0 0.5784490740740741 0.6520370370370371 0.2686805555555555 0.10706018518518512
0 0.8078703703703705 0.5937442129629631 0.28113425925925917 0.10568287037037045
0 0.6061805555555555 0.3229050925925926 0.23724537037037052 0.10034722222222214
0 0.8004398148148149 0.34296296296296297 0.27502314814814816 0.11027777777777778
0 0.3667708333333334 0.3076446759259259 0.24528935185185183 0.10827546296296298
0 0.40772569444444445 0.5565798611111111 0.2772222222222222 0.07907407407407412
0 0.6126041666666666 0.5924131944444444 0.2687731481481482 0.11018518518518512
0 0.8129976851851852 0.5032349537037037 0.2943171296296295 0.07620370370370377