0 0.2582928240740741 0.8222395833333334 0.2365393518518518 0.08739583333333342
0 0.2655034722222222 0.7510937500000001 0.2514120370370371 0.10395833333333329
0 0.6787384259259259 0.8378125000000001 0.2245254629629631 0.09593750000000015
0 0.4597048611111111 0.8177604166666667 0.22525462962962967 0.11000000000000014
0 0.4718171296296297 0.7360416666666667 0.2421990740740741 0.10645833333333332
0 0.675630787037037 0.7628645833333334 0.2427662037037038 0.11739583333333314
0 0.4557002314814815 0.68046875 0.23842592592592596 0.09375
0 0.6719965277777777 0.6777604166666666 0.2233680555555555 0.10364583333333321
0 0.2507928240740741 0.5274479166666668 0.2589236111111111 0.06864583333333343
0 0.25589120370370366 0.6858333333333333 0.2421990740740741 0.10645833333333332
0 0.4617013888888889 0.5259375000000001 0.23217592592592595 0.09333333333333335
0 0.4526678240740741 0.4568229166666667 0.20898148148148152 0.09645833333333335
0 0.24833333333333335 0.465 0.25125000000000003 0.10083333333333329
0 0.25858796296296294 0.6027083333333334 0.2544560185185185 0.10260416666666679
0 0.6495833333333334 0.47072916666666664 0.23702546296296295 0.09677083333333343
0 0.6327372685185185 0.6113020833333334 0.25496527777777767 0.08239583333333336
0 0.25732060185185185 0.38307291666666665 0.24112268518518515 0.11572916666666666
0 0.45087962962962963 0.37729166666666664 0.2031365740740741 0.10385416666666672
0 0.6533043981481482 0.39234375 0.22706018518518506 0.11479166666666663
0 0.6580902777777778 0.5296875 0.22921296296296312 0.09625000000000003
0 0.38822337962962966 0.31005208333333334 0.2187615740740741 0.10489583333333333
0 0.4446875 0.6182291666666666 0.27064814814814825 0.11458333333333322
0 0.6111342592592592 0.3147916666666667 0.2510069444444444 0.09614583333333337
0 0.23702546296296295 0.30697916666666664 0.20494212962962965 0.10864583333333329