0 0.16244212962962962 0.6807291666666666 0.19646990740740744 0.4149652777777778
0 0.18344907407407407 0.3246527777777778 0.16168981481481484 0.31895833333333334
0 0.26299189814814816 0.7314409722222223 0.19317129629629629 0.4945138888888888
0 0.49930555555555556 0.6843055555555555 0.14855324074074083 0.42795138888888895
0 0.40234375 0.30449652777777775 0.2101851851851851 0.36375
0 0.516724537037037 0.38288194444444446 0.15862268518518513 0.5312152777777779
0 0.7114293981481481 0.29807291666666663 0.14571759259259273 0.3935416666666667
0 0.7324363425925926 0.6808854166666667 0.15474537037037042 0.4686805555555555
0 0.3928240740740741 0.6670833333333334 0.14722222222222223 0.3498611111111112
0 0.605931712962963 0.7187326388888889 0.12262731481481488 0.4867013888888888
0 0.6213831018518519 0.3015451388888889 0.13136574074074084 0.42756944444444445
0 0.2713831018518519 0.33598958333333334 0.183912037037037 0.3288194444444444