0 0.7109375 0.26875 0.05703125 0.20625
0 0.41953125 0.29921875 0.0671875 0.2375
0 0.2140625 0.3046875 0.07265625 0.22421875
0 0.56171875 0.28359375 0.0734375 0.19765625
0 0.49453125 0.49609375 0.07578125 0.19453125
0 0.490625 0.29453125 0.06328125 0.2171875
0 0.35390625 0.31953125 0.08125 0.22734375
0 0.36328125 0.49921875 0.05078125 0.1625
0 0.58359375 0.46875 0.1140625 0.22265625
0 0.69921875 0.6421875 0.0671875 0.23359375
0 0.684375 0.46484375 0.08203125 0.21640625
0 0.4078125 0.48203125 0.08125 0.16640625
0 0.39921875 0.65625 0.1390625 0.24296875
0 0.2578125 0.453125 0.11796875 0.16875
0 0.6375 0.66015625 0.07421875 0.19921875
0 0.28515625 0.70546875 0.175 0.175
0 0.53984375 0.7234375 0.0546875 0.07421875
0 0.2703125 0.52265625 0.1890625 0.21484375
0 0.64453125 0.27890625 0.09453125 0.21328125
0 0.209375 0.725 0.0234375 0.08671875
0 0.54140625 0.59609375 0.1890625 0.32578125
0 0.4875 0.71484375 0.05078125 0.0890625
0 0.29140625 0.29140625 0.1109375 0.22265625