0 0.7913888888888888 0.6292592592592593 0.16857638888888893 0.3996643518518518
0 0.779855324074074 0.28795717592592596 0.14611111111111103 0.3198148148148148
0 0.6886747685185185 0.6800173611111111 0.17385416666666664 0.4793865740740742
0 0.45791666666666664 0.615324074074074 0.1436689814814814 0.4119791666666668
0 0.5715104166666667 0.25590856481481483 0.1999189814814816 0.41239583333333335
0 0.436863425925926 0.2936226851851852 0.1305787037037037 0.3321990740740741
0 0.25342592592592594 0.2738888888888889 0.13402777777777777 0.37597222222222226
0 0.3512384259259259 0.2520717592592593 0.11358796296296295 0.3586342592592593
0 0.2390219907407407 0.6364756944444444 0.14413194444444438 0.4744791666666668
0 0.5640856481481482 0.625474537037037 0.13689814814814802 0.34162037037037046
0 0.35748842592592595 0.6738773148148148 0.10813657407407398 0.46640046296296306
0 0.6923668981481482 0.2870428240740741 0.17114583333333327 0.3246875