0 0.43515625 0.509375 0.21171875 0.08828125
0 0.621875 0.521875 0.2109375 0.08203125
0 0.634375 0.303125 0.22734375 0.09296875
0 0.21953125 0.70390625 0.1875 0.096875
0 0.43046875 0.23125 0.2234375 0.0921875
0 0.41484375 0.5703125 0.18984375 0.084375
0 0.6421875 0.23046875 0.21328125 0.07265625
0 0.43984375 0.30625 0.23515625 0.07734375
0 0.24453125 0.2765625 0.23515625 0.084375
0 0.37734375 0.71484375 0.2078125 0.0953125
0 0.42109375 0.65546875 0.1984375 0.0890625
0 0.434375 0.36171875 0.22578125 0.07265625
0 0.24140625 0.209375 0.22421875 0.06484375
0 0.23515625 0.63125 0.22109375 0.096875
0 0.60703125 0.57734375 0.225 0.08515625
0 0.57734375 0.728125 0.24296875 0.07734375
0 0.63125 0.3828125 0.2078125 0.08671875
0 0.24140625 0.3359375 0.225 0.09140625
0 0.6171875 0.65546875 0.2203125 0.09296875
0 0.23046875 0.50234375 0.23671875 0.0546875
0 0.228125 0.55 0.2328125 0.07890625
0 0.2421875 0.4171875 0.2375 0.0859375
0 0.5953125 0.44140625 0.24140625 0.06484375
0 0.415625 0.41953125 0.24453125 0.09453125
0 0.1375 0.68046875 0.04921875 0.06640625
0 0.26875 0.253125 0.146875 0.0390625