0 0.8106597222222222 0.8432291666666668 0.24586805555555563 0.08460648148148167
0 0.5875173611111111 0.8306423611111111 0.2551388888888889 0.1174768518518519
0 0.3651388888888889 0.8352430555555556 0.2695138888888889 0.08946759259259274
0 0.3702256944444445 0.7564004629629629 0.2579861111111111 0.11125000000000007
0 0.5775173611111111 0.7462210648148149 0.26979166666666676 0.09571759259259256
0 0.7953472222222222 0.7798553240740741 0.27534722222222213 0.08013888888888872
0 0.803090277777778 0.7080613425925926 0.24222222222222242 0.10800925925925924
0 0.5942708333333334 0.6838657407407407 0.2639583333333334 0.1050462962962964
0 0.3630729166666667 0.6657523148148148 0.22958333333333325 0.10479166666666657
0 0.4092013888888889 0.5965856481481481 0.27840277777777767 0.07859953703703688
0 0.6024305555555556 0.6214467592592593 0.27937499999999993 0.10047453703703706
0 0.7974652777777778 0.6166435185185184 0.2636805555555556 0.09879629629629641
0 0.7962326388888888 0.5361921296296297 0.262638888888889 0.07535879629629641
0 0.5714583333333334 0.5220312500000001 0.2273263888888888 0.08915509259259266
0 0.3606076388888889 0.5048495370370369 0.21395833333333325 0.10467592592592609
0 0.7942361111111111 0.4736979166666667 0.2476388888888888 0.08930555555555557
0 0.5912673611111111 0.45813657407407404 0.23753472222222224 0.107974537037037
0 0.38022569444444443 0.45423032407407404 0.2540277777777778 0.09247685185185191
0 0.3662847222222222 0.36899884259259264 0.2199305555555556 0.09847222222222225
0 0.5523611111111111 0.3735011574074074 0.2007638888888888 0.08895833333333333
0 0.775173611111111 0.39623842592592595 0.24996527777777794 0.10650462962962966
0 0.7921875 0.32217013888888885 0.21986111111111128 0.09690972222222224
0 0.6400694444444445 0.30854745370370373 0.22972222222222224 0.10791666666666666
0 0.40404513888888893 0.28727430555555555 0.2807291666666666 0.09579861111111114