0 0.66171875 0.51796875 0.2390625 0.08828125
0 0.21171875 0.71875 0.22109375 0.1109375
0 0.428125 0.57109375 0.20078125 0.096875
0 0.6859375 0.26640625 0.2609375 0.1046875
0 0.68515625 0.184375 0.2453125 0.0828125
0 0.48828125 0.4890625 0.28203125 0.0703125
0 0.653125 0.58046875 0.24609375 0.08828125
0 0.2328125 0.15859375 0.2703125 0.07734375
0 0.42890625 0.6609375 0.215625 0.096875
0 0.61484375 0.7484375 0.2671875 0.0875
0 0.43515625 0.32890625 0.23203125 0.08046875
0 0.240625 0.23515625 0.28046875 0.0953125
0 0.65234375 0.66484375 0.2515625 0.10546875
0 0.23203125 0.6375 0.25703125 0.10625
0 0.221875 0.5453125 0.27109375 0.0890625
0 0.2328125 0.4 0.2734375 0.0921875
0 0.2265625 0.4890625 0.28125 0.05390625
0 0.23515625 0.31015625 0.2609375 0.10390625
0 0.46171875 0.18828125 0.2703125 0.09921875
0 0.67421875 0.35703125 0.240625 0.09453125
0 0.6375 0.42578125 0.27109375 0.06875
0 0.38671875 0.740625 0.19765625 0.096875
0 0.41875 0.3953125 0.2546875 0.103125
0 0.46640625 0.26953125 0.246875 0.0859375