0 0.32390624999999995 0.3485590277777778 0.25166666666666665 0.12958333333333324
0 0.28645833333333337 0.6047222222222223 0.22156250000000002 0.215486111111111
0 0.5703645833333333 0.3415972222222222 0.2002083333333335 0.1755902777777778
0 0.7554166666666667 0.3716319444444445 0.196875 0.19569444444444448
0 0.47463541666666664 0.3311111111111111 0.1848958333333334 0.13284722222222226
0 0.2913541666666667 0.7248958333333333 0.2128125 0.10760416666666668
0 0.5261979166666666 0.6839236111111111 0.26291666666666663 0.20486111111111108
0 0.7387499999999999 0.4955208333333333 0.18125 0.14826388888888892
0 0.32354166666666667 0.2729861111111111 0.22874999999999995 0.08961805555555555
0 0.5665104166666667 0.47072916666666664 0.24645833333333336 0.1916666666666668
0 0.38244791666666667 0.46722222222222226 0.19187500000000002 0.16743055555555558
0 0.7307291666666667 0.6439409722222222 0.16083333333333344 0.07569444444444447
0 0.5219791666666667 0.7959027777777778 0.2497916666666667 0.07809027777777774
0 0.72953125 0.5909201388888888 0.14729166666666665 0.059513888888889
0 0.2989583333333333 0.41833333333333333 0.15135416666666668 0.09708333333333333
0 0.30453125000000003 0.7940277777777778 0.21437499999999998 0.0609375
0 0.6809375 0.7149479166666667 0.3164583333333333 0.1667361111111111
0 0.7086979166666667 0.8042013888888888 0.2598958333333334 0.06607638888888907
0 0.28338541666666667 0.4885243055555556 0.16854166666666667 0.09784722222222228