0 0.85078125 0.27421875 0.08359375 0.24609375
0 0.2359375 0.640625 0.1015625 0.29296875
0 0.8203125 0.48671875 0.103125 0.24609375
0 0.73046875 0.50234375 0.0796875 0.25859375
0 0.734375 0.72734375 0.1109375 0.2609375
0 0.49453125 0.4765625 0.0875 0.2546875
0 0.42734375 0.46640625 0.10859375 0.23203125
0 0.69296875 0.271875 0.10546875 0.2921875
0 0.8234375 0.73515625 0.0703125 0.25703125
0 0.60234375 0.46484375 0.0921875 0.290625
0 0.57109375 0.6828125 0.07265625 0.28203125
0 0.27109375 0.39140625 0.1109375 0.225
0 0.5984375 0.25 0.090625 0.2609375
0 0.27890625 0.21796875 0.11171875 0.21796875
0 0.33046875 0.4671875 0.096875 0.240625
0 0.77421875 0.278125 0.10078125 0.275
0 0.32109375 0.690625 0.09921875 0.2453125
0 0.459375 0.234375 0.0953125 0.25625
0 0.64453125 0.7171875 0.08828125 0.2609375
0 0.41171875 0.68359375 0.09453125 0.2671875
0 0.659375 0.48359375 0.0671875 0.2609375
0 0.5046875 0.2453125 0.07578125 0.278125
0 0.36171875 0.2421875 0.1125 0.26484375
0 0.48125 0.70546875 0.08984375 0.24296875