0 0.26796875 0.2140625 0.2203125 0.0703125
0 0.22578125 0.69921875 0.1953125 0.0890625
0 0.64921875 0.23984375 0.203125 0.06875
0 0.26875 0.2765625 0.2296875 0.078125
0 0.378125 0.709375 0.2015625 0.09296875
0 0.45703125 0.23984375 0.2078125 0.08984375
0 0.25390625 0.6296875 0.2140625 0.09609375
0 0.45703125 0.31484375 0.22265625 0.07734375
0 0.64609375 0.3140625 0.21953125 0.08828125
0 0.58359375 0.7265625 0.23125 0.0734375
0 0.45234375 0.49921875 0.1984375 0.0609375
0 0.62109375 0.57734375 0.21484375 0.07890625
0 0.43125 0.5734375 0.1875 0.08203125
0 0.2609375 0.4203125 0.23046875 0.084375
0 0.43125 0.4203125 0.2375 0.09609375
0 0.4328125 0.6515625 0.19453125 0.08671875
0 0.44609375 0.36796875 0.2203125 0.07421875
0 0.2625 0.33984375 0.225 0.0953125
0 0.24609375 0.5453125 0.2265625 0.0765625
0 0.64609375 0.39140625 0.203125 0.08203125
0 0.60390625 0.446875 0.2375 0.0625
0 0.25078125 0.48359375 0.23203125 0.04453125
0 0.62578125 0.65546875 0.2015625 0.090625
0 0.62890625 0.52578125 0.20859375 0.07734375