0 0.6488020833333333 0.4249594907407407 0.2438194444444445 0.1508796296296296
0 0.6973611111111111 0.31538773148148147 0.17902777777777779 0.18643518518518523
0 0.57375 0.5657986111111111 0.32079861111111113 0.17189814814814816
0 0.5141493055555555 0.2927604166666667 0.2229166666666668 0.19398148148148148
0 0.6410416666666666 0.6686400462962963 0.1953819444444445 0.07917824074074069
0 0.24895833333333334 0.652332175925926 0.20847222222222223 0.10611111111111118
0 0.4384548611111111 0.6032233796296296 0.2133333333333333 0.1140625
0 0.2967013888888889 0.2980439814814815 0.23211805555555554 0.11618055555555555
0 0.6125868055555556 0.7178298611111111 0.23940972222222215 0.09297453703703695
0 0.26326388888888885 0.5714525462962963 0.20479166666666665 0.08101851851851852
0 0.47125000000000006 0.42907986111111107 0.17371527777777765 0.08790509259259274
0 0.31 0.3680150462962963 0.2298263888888889 0.08332175925925922
0 0.2859027777777778 0.43218750000000006 0.24229166666666666 0.08212962962962962
0 0.6895659722222222 0.5254513888888889 0.09791666666666679 0.04974537037037034
0 0.49027777777777776 0.38195601851851857 0.16670138888888886 0.0533449074074074
0 0.47874999999999995 0.5137326388888889 0.1858680555555555 0.07265046296296304
0 0.2741840277777778 0.502199074074074 0.22340277777777776 0.07532407407407397
0 0.4333680555555556 0.2692592592592592 0.18538194444444453 0.12104166666666671
0 0.7026215277777779 0.5711805555555556 0.07468749999999993 0.05842592592592588
0 0.2348958333333333 0.7222743055555556 0.20104166666666662 0.05280092592592602
0 0.3022569444444444 0.22394097222222223 0.2266319444444444 0.08010416666666664
0 0.4355555555555556 0.6633333333333333 0.23333333333333323 0.10060185185185197
0 0.4369097222222223 0.7079340277777778 0.2492361111111112 0.11356481481481477