0 0.7546875 0.7212152777777778 0.3 0.2569097222222222
0 0.29921875 0.7225289351851851 0.28125 0.24427083333333338
0 0.6484375 0.45402199074074073 0.253125 0.25187500000000007
0 0.32734375 0.2719560185185185 0.259375 0.3050462962962963
0 0.4234375 0.4812615740740741 0.25 0.2206018518518519
0 0.8015625 0.25359375 0.2453125 0.28619212962962964
0 0.56953125 0.23546874999999998 0.25 0.2518518518518519
0 0.534375 0.7188020833333333 0.2328125 0.22047453703703718
0 0.8546875 0.45867476851851857 0.1984375 0.26084490740740734
0 0.13125 0.2650347222222222 0.228125 0.2688773148148148
0 0.1171875 0.7227430555555555 0.21875 0.24537037037037024