0 0.78609375 0.19823495370370373 0.2544444444444444 0.08425925925925926
0 0.77609375 0.2612847222222222 0.26675925925925925 0.08159722222222224
0 0.561736111111111 0.297974537037037 0.2534375000000001 0.09357638888888893
0 0.5713310185185184 0.21533564814814818 0.24030092592592603 0.10868055555555553
0 0.5461979166666666 0.5205439814814815 0.24424768518518522 0.0963541666666666
0 0.7720312500000001 0.5148148148148148 0.2698842592592591 0.08171296296296297
0 0.3464699074074074 0.20465856481481484 0.23606481481481484 0.08981481481481479
0 0.3433564814814815 0.2836226851851852 0.25601851851851853 0.11082175925925934
0 0.7773900462962964 0.34510995370370373 0.252800925925926 0.10914351851851851
0 0.3405150462962963 0.3712094907407407 0.23515046296296305 0.10069444444444446
0 0.5645601851851852 0.3560185185185185 0.24212962962962975 0.08692129629629627
0 0.5561400462962963 0.5905960648148149 0.21943287037037038 0.09855324074074083
0 0.7685127314814815 0.5741898148148149 0.26124999999999987 0.09386574074074083
0 0.34644097222222225 0.5883101851851852 0.24737268518518524 0.09646990740740743
0 0.7699537037037036 0.4309606481481481 0.2661226851851852 0.0971643518518519
0 0.3756423611111111 0.4390625 0.27126157407407414 0.07864583333333339
0 0.7599247685185185 0.666261574074074 0.24692129629629633 0.11516203703703702
0 0.3376446759259259 0.5253472222222222 0.23781249999999998 0.09299768518518511
0 0.33601851851851855 0.671701388888889 0.24030092592592595 0.10868055555555571
0 0.5430960648148149 0.678587962962963 0.2243981481481482 0.10341435185185191
0 0.5866782407407408 0.7491030092592593 0.20905092592592603 0.10752314814814809
0 0.3727025462962963 0.7529224537037037 0.26437499999999997 0.09398148148148149
0 0.5819039351851852 0.42008101851851853 0.271550925925926 0.10983796296296297
0 0.7686226851851853 0.7440972222222222 0.221736111111111 0.11111111111111108