0 0.702488425925926 0.4525347222222222 0.2672685185185184 0.4022916666666667
0 0.865451388888889 0.46395833333333336 0.20614583333333342 0.3978125
0 0.5094560185185185 0.5130034722222223 0.23994212962962963 0.3361458333333333
0 0.4188888888888889 0.8491232638888888 0.21042824074074068 0.30175347222222226
0 0.8069733796296298 0.2012847222222222 0.23995370370370353 0.36267361111111107
0 0.6115682870370371 0.19538194444444443 0.23508101851851854 0.35944444444444446
0 0.2766550925925926 0.8469357638888889 0.17927083333333335 0.3061284722222222
0 0.4216493055555556 0.22939236111111114 0.2257407407407408 0.43881944444444443
0 0.24332754629629633 0.19578125000000002 0.2130324074074074 0.3823611111111111
0 0.6250925925925926 0.8521440972222223 0.21952546296296305 0.29571180555555543
0 0.8062962962962963 0.8527256944444443 0.1963657407407407 0.2945486111111112