0 0.29161458333333334 0.6957812499999999 0.1699305555555556 0.34520833333333345
0 0.7573263888888888 0.7658333333333334 0.15010416666666657 0.36572916666666655
0 0.5705555555555556 0.7159375000000001 0.14184027777777786 0.34489583333333335
0 0.19211805555555556 0.325625 0.1751388888888889 0.43916666666666665
0 0.5471354166666667 0.36411458333333335 0.16190972222222227 0.47572916666666665
0 0.6626909722222222 0.75484375 0.12770833333333337 0.4110416666666666
0 0.43630208333333337 0.7475520833333333 0.20440972222222217 0.4223958333333334
0 0.2995486111111111 0.28052083333333333 0.17670138888888892 0.5094791666666667
0 0.4345659722222222 0.35348958333333336 0.14510416666666667 0.3513541666666667
0 0.7855208333333333 0.38468749999999996 0.13215277777777779 0.47062500000000007
0 0.6604861111111111 0.3396875 0.14857638888888883 0.5076041666666666
0 0.2126215277777778 0.6866145833333334 0.16364583333333335 0.3432291666666666