0 0.490625 0.5466724537037037 0.0875 0.21574074074074084
0 0.478125 0.36041666666666666 0.08125 0.21394675925925927
0 0.696875 0.33981481481481485 0.09375 0.23159722222222223
0 0.29609375 0.7695023148148149 0.096875 0.191087962962963
0 0.76875 0.5410590277777778 0.0921875 0.22685185185185192
0 0.4296875 0.5692418981481482 0.084375 0.19375
0 0.76953125 0.32931134259259254 0.071875 0.215162037037037
0 0.69375 0.5344618055555556 0.078125 0.23726851851851852
0 0.7234375 0.7286747685185185 0.084375 0.2375
0 0.28515625 0.6120949074074075 0.0953125 0.21134259259259275
0 0.34453125 0.5661458333333333 0.0890625 0.20173611111111106
0 0.63828125 0.5419849537037037 0.071875 0.22766203703703702
0 0.790625 0.7293113425925926 0.065625 0.22743055555555572
0 0.36875 0.7511863425925925 0.096875 0.22546296296296298
0 0.42265625 0.37731481481481477 0.084375 0.228125
0 0.271875 0.41258680555555555 0.078125 0.2466435185185185
0 0.6171875 0.34589120370370374 0.0875 0.21105324074074067
0 0.6640625 0.7339988425925925 0.090625 0.22835648148148166
0 0.34453125 0.37005208333333334 0.09375 0.22378472222222223
0 0.49765625 0.751099537037037 0.0546875 0.23952546296296298
0 0.45 0.7552083333333333 0.078125 0.23570601851851852
0 0.5828125 0.7362268518518519 0.0859375 0.24068287037037023
0 0.55859375 0.38399884259259254 0.065625 0.24305555555555552
0 0.58046875 0.5628761574074075 0.09375 0.24722222222222215
0 0.31953125 0.8506655092592592 0.065625 0.052430555555555716
0 0.746875 0.703587962962963 0.0390625 0.14832175925925917