0 0.20800347222222224 0.28692708333333333 0.07354166666666666 0.22020833333333334
0 0.22489583333333335 0.4773958333333333 0.08909722222222224 0.21812500000000004
0 0.2197916666666667 0.671875 0.07840277777777782 0.22833333333333333
0 0.4977083333333333 0.4885416666666667 0.09059027777777792 0.2151041666666666
0 0.6908680555555555 0.2815625 0.09784722222222228 0.190625
0 0.5101041666666667 0.6701041666666667 0.08427083333333343 0.21156249999999996
0 0.5614236111111112 0.4732291666666667 0.08861111111111111 0.19625000000000004
0 0.3039409722222222 0.47640625 0.08291666666666667 0.22083333333333338
0 0.2988368055555556 0.6708854166666667 0.08916666666666666 0.22125000000000003
0 0.6395659722222222 0.47765625 0.09180555555555543 0.19958333333333336
0 0.3547569444444444 0.47822916666666665 0.08284722222222225 0.2177083333333334
0 0.27734375 0.30015625 0.08624999999999998 0.23041666666666663
0 0.6947395833333333 0.42421875 0.09663194444444442 0.20614583333333325
0 0.6210069444444445 0.29177083333333337 0.10159722222222226 0.2189583333333333
0 0.5620138888888888 0.6579166666666667 0.08753472222222207 0.21802083333333327
0 0.7097048611111111 0.6309895833333334 0.08340277777777771 0.24270833333333322
0 0.3409548611111111 0.28953125 0.09236111111111107 0.22458333333333336
0 0.6391666666666667 0.6716666666666666 0.09663194444444442 0.20614583333333342
0 0.4104513888888889 0.29572916666666665 0.08958333333333339 0.24000000000000005
0 0.5366666666666667 0.2845833333333333 0.08156250000000007 0.23010416666666664
0 0.37463541666666667 0.67515625 0.08576388888888893 0.2085416666666667
0 0.4098958333333334 0.4615625 0.10218750000000014 0.24552083333333333
0 0.43100694444444443 0.6382291666666667 0.06781249999999997 0.24322916666666677
0 0.4928125 0.2863541666666667 0.056493055555555574 0.22531249999999997