0 0.70703125 0.2640625 0.05859375 0.20625
0 0.41953125 0.2921875 0.07109375 0.2375
0 0.696875 0.46015625 0.0671875 0.234375
0 0.2125 0.29921875 0.0734375 0.225
0 0.5578125 0.27734375 0.075 0.20390625
0 0.4859375 0.490625 0.06953125 0.19765625
0 0.35703125 0.31328125 0.07421875 0.23203125
0 0.28671875 0.29609375 0.10703125 0.22578125
0 0.36015625 0.48984375 0.05390625 0.1625
0 0.640625 0.2609375 0.09609375 0.1953125
0 0.56640625 0.4421875 0.096875 0.2171875
0 0.409375 0.47734375 0.08046875 0.16640625
0 0.39921875 0.653125 0.1375 0.24296875
0 0.628125 0.44765625 0.10234375 0.23203125
0 0.253125 0.44453125 0.109375 0.17109375
0 0.63984375 0.65546875 0.0734375 0.19765625
0 0.28203125 0.69765625 0.178125 0.17578125
0 0.70078125 0.63515625 0.07578125 0.23125
0 0.5203125 0.71328125 0.10703125 0.090625
0 0.26953125 0.5234375 0.18359375 0.21953125
0 0.490625 0.2859375 0.06796875 0.21796875
0 0.55546875 0.5828125 0.225 0.32578125