0 0.23684027777777777 0.6276041666666667 0.18628472222222223 0.40457175925925937
0 0.23320023148148147 0.2856770833333333 0.1602777777777778 0.32407407407407407
0 0.3417766203703704 0.6738136574074074 0.1951041666666667 0.48443287037037025
0 0.5695833333333333 0.5988425925925925 0.16193287037037046 0.4161458333333332
0 0.44005208333333334 0.2443576388888889 0.21818287037037046 0.4182291666666667
0 0.5763310185185185 0.27609953703703705 0.14530092592592592 0.3359953703703704
0 0.7588310185185185 0.2482060185185185 0.15069444444444446 0.3798611111111111
0 0.6600810185185185 0.23072916666666665 0.12949074074074077 0.36192129629629627
0 0.7893460648148147 0.6102719907407408 0.16517361111111128 0.4786458333333334
0 0.46390046296296295 0.6137152777777778 0.15203703703703705 0.3456018518518519
0 0.6725810185185186 0.6529513888888889 0.12883101851851855 0.46950231481481486
0 0.3206192129629629 0.28087384259259257 0.18552083333333336 0.3296875