0 0.3738020833333333 0.5523206018518518 0.23915509259259257 0.10434027777777785
0 0.33631365740740743 0.2200173611111111 0.24952546296296294 0.0939699074074074
0 0.3476388888888889 0.30319444444444443 0.2648032407407408 0.11813657407407412
0 0.6118344907407407 0.6199826388888889 0.22056712962962965 0.10649305555555558
0 0.844369212962963 0.7769618055555556 0.23247685185185177 0.1258101851851851
0 0.7881018518518519 0.21773148148148147 0.27107638888888896 0.08885416666666668
0 0.5675636574074074 0.23200810185185183 0.2694097222222222 0.11681712962962969
0 0.5788483796296295 0.31440393518518517 0.2451620370370371 0.09997685185185183
0 0.43431134259259263 0.7876446759259259 0.2654745370370371 0.10103009259259252
0 0.3522974537037037 0.39303819444444443 0.24244212962962966 0.10762731481481484
0 0.6280902777777777 0.7080902777777778 0.22221064814814823 0.10813657407407398
0 0.5839756944444444 0.3832349537037037 0.2639120370370371 0.10094907407407412
0 0.7944791666666667 0.370775462962963 0.27081018518518507 0.1137731481481481
0 0.3902430555555555 0.6139467592592592 0.25157407407407406 0.10342592592592599
0 0.5871759259259259 0.550138888888889 0.2545370370370371 0.10046296296296298
0 0.6686168981481482 0.7834317129629629 0.21488425925925939 0.11710648148148142
0 0.8135474537037037 0.5431770833333334 0.2842476851851853 0.07239583333333321
0 0.824398148148148 0.6021759259259258 0.27344907407407393 0.10456018518518526
0 0.7882465277777777 0.2956539351851852 0.27986111111111106 0.10800925925925924
0 0.8035011574074075 0.45461226851851855 0.27509259259259267 0.10620370370370366
0 0.39574652777777775 0.4646354166666667 0.2661458333333334 0.0839236111111111
0 0.3978240740740741 0.7000462962962963 0.2506597222222222 0.11584490740740741
0 0.8182407407407407 0.6937962962962964 0.26480324074074063 0.11813657407407412
0 0.609832175925926 0.44612847222222224 0.2723726851851852 0.11385416666666667