0 0.76796875 0.16598379629629628 0.20732638888888885 0.07150462962962964
0 0.5949826388888889 0.1864178240740741 0.18423611111111118 0.07792824074074071
0 0.41980902777777784 0.19288194444444445 0.1968055555555555 0.08023148148148147
0 0.4217013888888889 0.2530844907407407 0.19871527777777764 0.08813657407407405
0 0.5845486111111111 0.2512673611111111 0.18642361111111114 0.09208333333333334
0 0.7533854166666667 0.2255960648148148 0.21284722222222233 0.09053240740740742
0 0.41765624999999995 0.32068865740740743 0.1844444444444445 0.08261574074074077
0 0.5892534722222222 0.3042534722222222 0.1999305555555555 0.08041666666666672
0 0.7675 0.27880787037037036 0.18961805555555547 0.09383101851851858
0 0.7580555555555556 0.3482986111111111 0.2000694444444445 0.08354166666666671
0 0.45666666666666667 0.37007523148148147 0.21826388888888887 0.07215277777777782
0 0.6071701388888889 0.3548900462962963 0.2221527777777778 0.08952546296296297
0 0.7656944444444445 0.41442708333333333 0.20079861111111103 0.0648842592592592
0 0.5900520833333334 0.42796874999999995 0.18232638888888886 0.0700231481481481
0 0.4214756944444444 0.4418749999999999 0.1781944444444445 0.08224537037037045
0 0.4361284722222223 0.48957175925925933 0.1905555555555555 0.07986111111111108
0 0.5964583333333333 0.4839872685185185 0.18145833333333333 0.08555555555555543
0 0.760954861111111 0.46640625 0.20361111111111113 0.09310185185185187
0 0.7494618055555555 0.5250520833333333 0.19878472222222215 0.08969907407407404
0 0.5765104166666667 0.5462673611111111 0.1703819444444445 0.08178240740740747
0 0.4318402777777778 0.551707175925926 0.18628472222222214 0.08895833333333343
0 0.46328125 0.607025462962963 0.21208333333333335 0.07334490740740733
0 0.6429340277777778 0.5955960648148148 0.1877083333333333 0.0859259259259261
0 0.7655208333333332 0.5867650462962963 0.1813194444444445 0.08243055555555542