0 0.40546875 0.6578125 0.14296875 0.240625
0 0.29453125 0.70390625 0.18046875 0.175
0 0.5484375 0.5859375 0.16328125 0.3171875
0 0.27734375 0.5203125 0.1875 0.21953125
0 0.64921875 0.65546875 0.0734375 0.19453125
0 0.64453125 0.26328125 0.1 0.20625
0 0.58984375 0.4515625 0.1078125 0.2109375
0 0.2890625 0.303125 0.109375 0.2296875
0 0.69921875 0.628125 0.0859375 0.2375
0 0.56328125 0.27578125 0.07421875 0.20234375
0 0.41484375 0.48046875 0.0828125 0.17265625
0 0.35859375 0.31796875 0.0765625 0.228125
0 0.4234375 0.2953125 0.07578125 0.23984375
0 0.5046875 0.70078125 0.04765625 0.09609375
0 0.3671875 0.4984375 0.0484375 0.16484375
0 0.49921875 0.48984375 0.0671875 0.18359375
0 0.49375 0.28515625 0.06796875 0.22265625
0 0.25625 0.4390625 0.115625 0.1828125
0 0.55 0.71484375 0.05546875 0.0734375
0 0.71484375 0.25078125 0.04765625 0.2
0 0.21484375 0.30703125 0.0734375 0.22578125
0 0.65 0.45 0.09453125 0.23203125
0 0.69453125 0.45234375 0.10703125 0.24609375