0 0.7563657407407407 0.7452256944444444 0.05356481481481481 0.2718402777777776
0 0.7467650462962963 0.5644328703703704 0.061296296296296224 0.26113425925925926
0 0.7497511574074075 0.3722916666666667 0.05975694444444457 0.264212962962963
0 0.6811805555555555 0.7680034722222222 0.10798611111111107 0.23752314814814818
0 0.623431712962963 0.546712962962963 0.19284722222222223 0.305648148148148
0 0.6433043981481481 0.39570601851851855 0.15226851851851855 0.31069444444444444
0 0.590625 0.3339756944444444 0.06998842592592584 0.16922453703703705
0 0.5890740740740741 0.6488425925925926 0.09134259259259263 0.0995601851851852
0 0.5333680555555556 0.679230324074074 0.06986111111111111 0.15203703703703705
0 0.5592361111111112 0.7737673611111111 0.23115740740740734 0.20524305555555564
0 0.5391956018518519 0.41997106481481483 0.08246527777777786 0.37736111111111104
0 0.2401446759259259 0.7049247685185185 0.07993055555555557 0.24606481481481488
0 0.28266782407407404 0.5553703703703704 0.12636574074074075 0.1880787037037038
0 0.2904398148148148 0.4555787037037037 0.1578240740740741 0.2171296296296296
0 0.3120659722222222 0.27883680555555557 0.18894675925925916 0.20086805555555554
0 0.4384085648148148 0.3122743055555556 0.16386574074074076 0.18918981481481473
0 0.42071759259259256 0.4852256944444444 0.20506944444444458 0.2685185185185185
0 0.4225752314814815 0.656412037037037 0.17630787037037035 0.18174768518518505
0 0.3867534722222222 0.7452141203703704 0.10413194444444444 0.1389930555555555
0 0.317806712962963 0.6642476851851852 0.1055787037037037 0.3343055555555555