0 0.2776909722222222 0.27083333333333337 0.06690972222222218 0.20868055555555554
0 0.5647627314814815 0.3172743055555555 0.08594907407407408 0.2406944444444445
0 0.7735358796296297 0.3367361111111111 0.08438657407407427 0.240625
0 0.49417824074074074 0.30552083333333335 0.08015046296296298 0.22173611111111108
0 0.42842013888888886 0.29163194444444446 0.08694444444444435 0.20489583333333333
0 0.6132523148148149 0.5168229166666667 0.0594444444444445 0.16159722222222223
0 0.6252777777777778 0.3403298611111111 0.09164351851851862 0.23159722222222223
0 0.34139467592592593 0.4647916666666666 0.09439814814814813 0.22548611111111114
0 0.34556712962962965 0.2754166666666667 0.1070717592592592 0.2026736111111111
0 0.6985358796296296 0.3334027777777778 0.1238194444444444 0.24861111111111106
0 0.40453703703703703 0.46994791666666663 0.11939814814814813 0.22659722222222226
0 0.48572916666666666 0.5009722222222223 0.08298611111111107 0.1906944444444445
0 0.5656018518518519 0.5013888888888889 0.08968749999999996 0.17229166666666665
0 0.5623090277777777 0.6759201388888888 0.15506944444444457 0.25
0 0.26875 0.6464236111111111 0.09807870370370368 0.23499999999999996
0 0.3196122685185185 0.6737500000000001 0.08317129629629623 0.1938194444444445
0 0.6764872685185186 0.7319097222222222 0.18693287037037046 0.18284722222222208
0 0.4179803240740741 0.7321701388888889 0.06556712962962959 0.08083333333333335
0 0.41293402777777777 0.6058333333333333 0.22219907407407416 0.3309027777777779
0 0.7190162037037038 0.47687500000000005 0.13766203703703717 0.16663194444444435
0 0.8254398148148148 0.7165972222222223 0.0387731481481481 0.18093749999999992
0 0.6960532407407408 0.5471354166666667 0.21608796296296298 0.22777777777777786
0 0.2770486111111111 0.4799479166666666 0.09458333333333328 0.22861111111111115