0 0.7281770833333333 0.2922858796296296 0.1319791666666667 0.27466435185185195
0 0.4604166666666667 0.23875000000000002 0.2197916666666666 0.21381944444444442
0 0.7993229166666667 0.289380787037037 0.10374999999999997 0.24828703703703708
0 0.3475520833333333 0.23911458333333332 0.11343750000000004 0.20674768518518521
0 0.7582291666666666 0.5196412037037037 0.18187500000000015 0.20562500000000003
0 0.7521875 0.711238425925926 0.19041666666666685 0.193611111111111
0 0.6231770833333334 0.6928414351851853 0.1648958333333333 0.18450231481481474
0 0.40760416666666666 0.6107291666666667 0.19187499999999993 0.308912037037037
0 0.61375 0.3397685185185185 0.17750000000000005 0.18671296296296297
0 0.41312499999999996 0.4465972222222222 0.21270833333333333 0.24770833333333328
0 0.6495833333333334 0.2422685185185185 0.096875 0.1451620370370371
0 0.6198958333333333 0.5260300925925926 0.19937499999999986 0.23456018518518515
0 0.29770833333333335 0.4674768518518519 0.08312499999999998 0.2425462962962964
0 0.4911458333333334 0.5703356481481482 0.11645833333333329 0.34548611111111105
0 0.7686979166666668 0.41796875 0.12687500000000007 0.17474537037037036
0 0.47067708333333336 0.6748784722222222 0.07947916666666668 0.1645023148148148
0 0.578125 0.25224537037037037 0.09395833333333332 0.19483796296296294
0 0.5264583333333333 0.6649305555555556 0.06395833333333342 0.1652546296296297
0 0.28072916666666664 0.2480671296296296 0.06395833333333334 0.2119675925925925
0 0.49859375000000006 0.3410358796296296 0.07270833333333329 0.10965277777777782
0 0.3838020833333333 0.3360127314814815 0.09104166666666665 0.057662037037037095
0 0.5130208333333334 0.5221643518518518 0.06885416666666658 0.19197916666666667
0 0.30859375 0.6425173611111111 0.08687500000000004 0.27543981481481483