0 0.67734375 0.2765625 0.33515625 0.1625
0 0.71640625 0.74140625 0.35703125 0.1421875
0 0.67890625 0.55546875 0.3359375 0.13359375
0 0.31328125 0.18515625 0.42734375 0.16640625
0 0.328125 0.53984375 0.46484375 0.1515625
0 0.71171875 0.646875 0.40234375 0.11796875
0 0.71953125 0.4203125 0.409375 0.1953125
0 0.2609375 0.29375 0.4984375 0.16640625
0 0.325 0.42734375 0.3421875 0.13671875
0 0.3328125 0.778125 0.46171875 0.121875
0 0.29609375 0.65390625 0.4984375 0.13828125
0 0.6734375 0.19765625 0.3328125 0.15703125