0 0.7704282407407408 0.7986053240740741 0.24909722222222222 0.08780092592592581
0 0.5477314814814814 0.7851909722222222 0.2497916666666667 0.11123842592592581
0 0.32185763888888885 0.8000231481481481 0.2430787037037037 0.09528935185185183
0 0.7641261574074074 0.7217071759259259 0.265462962962963 0.11361111111111129
0 0.5479108796296297 0.70015625 0.24629629629629618 0.098576388888889
0 0.3328587962962963 0.7183275462962962 0.24988425925925925 0.11436342592592581
0 0.5544502314814814 0.6374131944444444 0.26849537037037036 0.11064814814814809
0 0.33699074074074076 0.6315277777777777 0.2308101851851852 0.1024537037037037
0 0.5823495370370371 0.4066319444444444 0.20581018518518518 0.10115740740740727
0 0.37719328703703703 0.564699074074074 0.2629282407407407 0.08071759259259252
0 0.76765625 0.6552199074074074 0.25921296296296303 0.11328703703703695
0 0.5652951388888889 0.32405092592592594 0.24349537037037033 0.10935185185185184
0 0.7686863425925926 0.5678009259259259 0.2620601851851852 0.10407407407407412
0 0.7803877314814816 0.33083912037037033 0.24211805555555568 0.11552083333333334
0 0.7847106481481483 0.421880787037037 0.2635300925925925 0.10103009259259252
0 0.36288773148148146 0.41567129629629634 0.24624999999999994 0.097013888888889
0 0.5568981481481481 0.47581597222222227 0.24487268518518518 0.10318287037037024
0 0.7814814814814814 0.47821180555555554 0.2707407407407409 0.08112268518518526
0 0.3599189814814815 0.3315798611111111 0.24519675925925935 0.11412037037037041
0 0.5820138888888889 0.5759201388888889 0.2653240740740742 0.10892361111111111
0 0.40449074074074076 0.2489236111111111 0.26490740740740737 0.0948611111111111
0 0.6243865740740742 0.2515625 0.21877314814814816 0.11743055555555557
0 0.3501215277777778 0.4779571759259259 0.24000000000000005 0.09668981481481467
0 0.8013136574074075 0.25642939814814814 0.22350694444444413 0.11923611111111114