0 0.24140625 0.2109375 0.2046875 0.059375
0 0.41484375 0.22109375 0.18203125 0.0671875
0 0.58984375 0.2171875 0.19296875 0.06953125
0 0.590625 0.27734375 0.1953125 0.0765625
0 0.428125 0.28515625 0.1828125 0.08046875
0 0.25859375 0.26953125 0.21015625 0.07734375
0 0.59765625 0.34453125 0.18046875 0.07109375
0 0.42578125 0.33828125 0.19609375 0.06875
0 0.246875 0.3234375 0.1859375 0.0828125
0 0.259375 0.3921875 0.19765625 0.07265625
0 0.5609375 0.39609375 0.21484375 0.05859375
0 0.41015625 0.38984375 0.21875 0.0765625
0 0.2546875 0.45859375 0.1984375 0.05390625
0 0.43046875 0.46171875 0.1796875 0.059375
0 0.59921875 0.465625 0.17578125 0.07265625
0 0.58671875 0.5140625 0.18828125 0.06875
0 0.4265625 0.51796875 0.17734375 0.07578125
0 0.26171875 0.51015625 0.2 0.08203125
0 0.27578125 0.56796875 0.1953125 0.078125
0 0.44921875 0.57890625 0.1671875 0.07265625
0 0.59375 0.57578125 0.1828125 0.078125
0 0.56484375 0.6328125 0.209375 0.0609375
0 0.38515625 0.63203125 0.184375 0.075
0 0.2625 0.63046875 0.17890625 0.071875