0 0.2443923611111111 0.2516203703703704 0.07555555555555564 0.22586805555555553
0 0.7323958333333334 0.2283564814814815 0.10222222222222221 0.19409722222222223
0 0.5287499999999999 0.24421296296296297 0.061840277777777786 0.23315972222222223
0 0.29055555555555557 0.6409722222222223 0.07791666666666668 0.20879629629629637
0 0.3157986111111111 0.2612847222222222 0.0979166666666667 0.23761574074074074
0 0.779513888888889 0.5865451388888889 0.08684027777777778 0.23408564814814808
0 0.3638541666666667 0.6405671296296296 0.09736111111111115 0.22511574074074084
0 0.28109375000000003 0.445630787037037 0.10013888888888892 0.21741898148148148
0 0.7533680555555555 0.3843460648148148 0.10659722222222215 0.222337962962963
0 0.35552083333333334 0.4530671296296297 0.08840277777777779 0.2341435185185185
0 0.66859375 0.24939236111111113 0.11298611111111115 0.22569444444444448
0 0.5802083333333334 0.6298611111111111 0.0936805555555555 0.2125
0 0.4536284722222222 0.25625 0.10131944444444443 0.2439814814814815
0 0.6955729166666667 0.43524305555555554 0.0985069444444445 0.21579861111111107
0 0.5570659722222222 0.44259259259259254 0.08260416666666667 0.20896990740740745
0 0.4650694444444444 0.42592592592592593 0.10756944444444443 0.24421296296296297
0 0.4105729166666666 0.4457465277777778 0.08656249999999996 0.2278356481481481
0 0.6112326388888889 0.43289930555555556 0.09802083333333336 0.20486111111111108
0 0.37244791666666666 0.25480324074074073 0.10076388888888879 0.23148148148148148
0 0.5816666666666667 0.24149305555555559 0.09138888888888878 0.23113425925925926
0 0.6306076388888889 0.6231481481481481 0.09083333333333332 0.21863425925925917
0 0.49625 0.6010127314814815 0.0792361111111111 0.23848379629629637
0 0.4418402777777778 0.6403356481481481 0.0936805555555555 0.2125
0 0.7075173611111112 0.6337962962962964 0.10277777777777786 0.20659722222222215