0 0.819849537037037 0.7445023148148148 0.09675925925925917 0.2506481481481481
0 0.742650462962963 0.7411689814814815 0.1099537037037038 0.2694907407407408
0 0.7929976851851851 0.5205439814814815 0.11892361111111108 0.2586226851851851
0 0.7109664351851851 0.5211516203703704 0.09253472222222214 0.2631134259259259
0 0.717650462962963 0.2985069444444445 0.11464120370370381 0.269525462962963
0 0.8001157407407407 0.28618055555555555 0.08107638888888893 0.24896990740740738
0 0.4774016203703704 0.5431886574074074 0.09675925925925917 0.2506481481481481
0 0.31591435185185185 0.5592245370370371 0.10567129629629628 0.23821759259259245
0 0.40798611111111105 0.5616666666666668 0.11793981481481489 0.23206018518518512
0 0.576388888888889 0.5487037037037037 0.10445601851851868 0.28975694444444444
0 0.5739872685185186 0.7611631944444445 0.10381944444444446 0.2725694444444445
0 0.4302372685185185 0.7833159722222222 0.11741898148148149 0.2601736111111112
0 0.3406539351851852 0.7769502314814816 0.11591435185185191 0.26172453703703696
0 0.6164641203703703 0.31019097222222225 0.096875 0.2537731481481481
0 0.5508969907407407 0.35129050925925925 0.08541666666666661 0.28180555555555553
0 0.40112847222222225 0.34615162037037034 0.1065393518518519 0.2616550925925926
0 0.261255787037037 0.8119039351851851 0.1287037037037037 0.22745370370370388
0 0.24701967592592594 0.6269039351851852 0.11915509259259256 0.2226967592592592
0 0.31125578703703705 0.34759837962962964 0.10914351851851851 0.24761574074074072
0 0.49386574074074074 0.7734722222222222 0.08211805555555554 0.2770949074074075
0 0.664988425925926 0.7503356481481481 0.12980324074074084 0.2571412037037037
0 0.22627314814814814 0.40680555555555553 0.09959490740740744 0.2850347222222222
0 0.45957754629629627 0.3285358796296296 0.10914351851851851 0.2476157407407408
0 0.6543402777777778 0.531724537037037 0.08495370370370363 0.26930555555555563