0 0.6637789351851853 0.3191840277777778 0.12106481481481488 0.25236111111111115
0 0.26600694444444445 0.2773090277777778 0.1003009259259259 0.270625
0 0.5747627314814815 0.3203819444444444 0.11849537037037035 0.2616666666666667
0 0.19430555555555556 0.7236284722222222 0.1112384259259259 0.2708680555555555
0 0.11792824074074075 0.7222048611111112 0.09487268518518518 0.2580208333333335
0 0.702951388888889 0.5929513888888889 0.12059027777777764 0.21802083333333327
0 0.42462384259259256 0.3260590277777778 0.09506944444444443 0.28767361111111117
0 0.6656018518518518 0.7755729166666667 0.13373842592592594 0.22923611111111092
0 0.3798668981481481 0.5283506944444445 0.12034722222222224 0.2929166666666667
0 0.5198553240740741 0.29897569444444444 0.11738425925925924 0.24291666666666673
0 0.4841898148148148 0.5190104166666667 0.10231481481481489 0.2519444444444444
0 0.6380439814814814 0.5296354166666667 0.10920138888888893 0.23649305555555564
0 0.1644386574074074 0.5034895833333334 0.12097222222222222 0.250798611111111
0 0.5473726851851852 0.5324305555555556 0.11995370370370359 0.2336111111111112
0 0.7456481481481482 0.37276041666666665 0.10756944444444443 0.2879513888888889
0 0.4487962962962963 0.7476215277777778 0.09129629629629629 0.27666666666666656
0 0.5020543981481482 0.7573611111111112 0.12005787037037034 0.2617013888888888
0 0.25589120370370366 0.5006770833333334 0.0964351851851852 0.2580555555555556
0 0.36506944444444445 0.7385590277777777 0.11427083333333332 0.269375
0 0.5930497685185185 0.7490972222222222 0.11849537037037035 0.2616666666666667
0 0.18646412037037036 0.2634722222222222 0.09634259259259256 0.25649305555555557
0 0.2671875 0.7313715277777778 0.13181712962962963 0.24947916666666678
0 0.3282233796296296 0.50453125 0.09303240740740737 0.25329861111111107
0 0.3570891203703704 0.28074652777777775 0.10525462962962964 0.24888888888888888