0 0.22099537037037037 0.2481597222222222 0.07721064814814813 0.22489583333333335
0 0.7129861111111111 0.21763888888888888 0.10363425925925931 0.19270833333333331
0 0.5070833333333333 0.23652777777777775 0.06355324074074069 0.23239583333333336
0 0.22976851851851848 0.6370833333333333 0.07944444444444443 0.20777777777777776
0 0.29172453703703705 0.2567708333333333 0.09965277777777777 0.2363194444444444
0 0.7257233796296296 0.5753645833333334 0.0885532407407407 0.232951388888889
0 0.30336805555555557 0.6355902777777778 0.09900462962962955 0.2238194444444444
0 0.23911458333333332 0.4417534722222222 0.10172453703703707 0.2160763888888889
0 0.7189872685185186 0.3734201388888889 0.10821759259259256 0.2209027777777778
0 0.3130902777777778 0.44809027777777777 0.09011574074074069 0.23298611111111106
0 0.6469270833333333 0.23963541666666668 0.11462962962962955 0.2241666666666667
0 0.5215277777777778 0.6216666666666667 0.09523148148148142 0.21125000000000008
0 0.43053240740740745 0.2496875 0.10310185185185183 0.2426388888888889
0 0.656076388888889 0.4252083333333333 0.1000810185185184 0.21447916666666664
0 0.5163657407407407 0.43461805555555555 0.08413194444444443 0.2078819444444445
0 0.4256481481481481 0.41930555555555554 0.10935185185185184 0.2427777777777777
0 0.36904513888888885 0.43994791666666666 0.08822916666666672 0.22670138888888883
0 0.5716608796296296 0.42411458333333335 0.09951388888888886 0.20354166666666665
0 0.34920138888888885 0.24944444444444444 0.1024537037037037 0.2301388888888889
0 0.5604513888888889 0.23302083333333332 0.0930787037037037 0.22993055555555558
0 0.5727546296296296 0.6142013888888889 0.09243055555555557 0.21743055555555557
0 0.44005208333333334 0.5940451388888889 0.08098379629629626 0.23746527777777793
0 0.3816550925925926 0.6342013888888889 0.0952314814814815 0.21125000000000008
0 0.648912037037037 0.6237152777777778 0.10428240740740743 0.20520833333333321