0 0.69765625 0.265625 0.32578125 0.15703125
0 0.7375 0.73515625 0.38984375 0.13359375
0 0.728125 0.6359375 0.378125 0.12109375
0 0.33671875 0.52578125 0.43828125 0.14140625
0 0.328125 0.178125 0.4046875 0.16171875
0 0.7359375 0.40546875 0.4140625 0.1953125
0 0.69921875 0.546875 0.32578125 0.12421875
0 0.2796875 0.2859375 0.484375 0.17265625
0 0.3640625 0.41640625 0.37890625 0.14375
0 0.3046875 0.628125 0.4765625 0.1046875
0 0.35390625 0.75078125 0.46015625 0.13828125
0 0.7 0.17578125 0.31640625 0.11796875