0 0.6171875 0.31640625 0.25234375 0.15546875
0 0.3609375 0.3359375 0.2046875 0.17734375
0 0.28828125 0.4734375 0.19375 0.16953125
0 0.61328125 0.640625 0.3328125 0.12734375
0 0.53515625 0.79140625 0.2 0.22265625
0 0.68125 0.79609375 0.1609375 0.1921875
0 0.64609375 0.4734375 0.20703125 0.15625
0 0.178125 0.43515625 0.165625 0.24609375
0 0.46171875 0.440625 0.2734375 0.21015625
0 0.2703125 0.63984375 0.42890625 0.12578125
0 0.37890625 0.80078125 0.20234375 0.22734375
0 0.190625 0.82109375 0.19140625 0.2125
0 0.44375 0.484375 0.17421875 0.1453125