0 0.3249710648148148 0.555613425925926 0.24600694444444446 0.11192129629629619
0 0.3017303240740741 0.2107349537037037 0.25375000000000003 0.103125
0 0.5690914351851852 0.6291956018518519 0.2038657407407408 0.11504629629629619
0 0.7937384259259259 0.799045138888889 0.23530092592592594 0.14236111111111108
0 0.5455902777777778 0.3194733796296297 0.24131944444444428 0.11157407407407405
0 0.30735532407407407 0.2955729166666667 0.2664351851851851 0.12905092592592596
0 0.3315393518518518 0.6186342592592593 0.2538425925925926 0.115625
0 0.5485069444444445 0.5588831018518519 0.21467592592592588 0.09866898148148148
0 0.7698842592592593 0.22039930555555554 0.27555555555555566 0.09537037037037041
0 0.7653645833333333 0.30292245370370374 0.2787962962962963 0.11122685185185191
0 0.7679282407407408 0.37893518518518515 0.2789583333333333 0.1331018518518518
0 0.31212962962962965 0.38972800925925927 0.2444907407407407 0.11805555555555554
0 0.5394733796296297 0.7231481481481481 0.23203703703703696 0.12337962962962976
0 0.37240162037037033 0.8006655092592592 0.27881944444444445 0.1143518518518519
0 0.5400057870370369 0.22916666666666669 0.28359953703703694 0.12719907407407405
0 0.7688483796296296 0.46576967592592594 0.28195601851851854 0.11614583333333321
0 0.7783043981481482 0.5610532407407408 0.29106481481481483 0.08090277777777785
0 0.5575983796296297 0.3868055555555555 0.2443518518518518 0.09930555555555554
0 0.33164351851851853 0.7100983796296296 0.2570601851851852 0.1283564814814815
0 0.3663078703703704 0.4625289351851851 0.28804398148148136 0.09473379629629619
0 0.7841145833333334 0.6208912037037038 0.27728009259259245 0.11736111111111107
0 0.7724131944444445 0.7232060185185185 0.26659722222222226 0.15092592592592596
0 0.5727893518518519 0.44655671296296295 0.2695023148148149 0.12146990740740744
0 0.6233333333333333 0.7989293981481481 0.21171296296296305 0.1203125