0 0.84765625 0.2178240740740741 0.0875 0.25324074074074077
0 0.7703125 0.2245949074074074 0.1 0.2724537037037037
0 0.8125 0.44334490740740745 0.109375 0.26030092592592596
0 0.73046875 0.4463831018518519 0.0828125 0.26556712962962975
0 0.72890625 0.6690972222222221 0.1046875 0.2726273148148149
0 0.8109375 0.6777777777777778 0.071875 0.251099537037037
0 0.49765625 0.434693287037037 0.0875 0.2532407407407408
0 0.33671875 0.4258101851851852 0.096875 0.24108796296296298
0 0.42890625 0.4192708333333333 0.109375 0.23530092592592594
0 0.596875 0.4247685185185185 0.09375 0.29253472222222215
0 0.60234375 0.21206597222222223 0.09375 0.27534722222222224
0 0.459375 0.19626736111111112 0.10625 0.26331018518518523
0 0.36953125 0.2066261574074074 0.10625 0.2648726851851852
0 0.628125 0.661892361111111 0.0875 0.2563657407407408
0 0.5640625 0.6236400462962963 0.075 0.2840277777777779
0 0.4140625 0.6354456018518518 0.096875 0.264525462962963
0 0.29140625 0.17514467592592592 0.1203125 0.2310185185185185
0 0.2703125 0.36108217592592595 0.109375 0.22592592592592595
0 0.32421875 0.637991898148148 0.1 0.25057870370370383
0 0.52265625 0.2032986111111111 0.071875 0.27922453703703703
0 0.69296875 0.21886574074074075 0.11875 0.2606481481481481
0 0.24140625 0.5824652777777778 0.0890625 0.28767361111111106
0 0.471875 0.6504918981481481 0.1 0.25057870370370383
0 0.67421875 0.4383101851851851 0.075 0.27152777777777787