0 0.5335416666666667 0.31875 0.10874999999999986 0.253125
0 0.6839409722222223 0.3359375 0.10868055555555553 0.25
0 0.22411458333333334 0.74296875 0.09822916666666667 0.271875
0 0.7340625000000001 0.61171875 0.11722222222222226 0.2125
0 0.15072916666666666 0.740625 0.08524305555555553 0.25
0 0.27564236111111107 0.2875 0.10767361111111118 0.275
0 0.3754513888888889 0.29609375 0.10263888888888886 0.259375
0 0.7701041666666667 0.39609375 0.098576388888889 0.2875
0 0.5090972222222222 0.53984375 0.09767361111111121 0.246875
0 0.18461805555555555 0.51640625 0.11187499999999999 0.253125
0 0.3940625 0.759375 0.09972222222222218 0.26875
0 0.6689409722222223 0.55390625 0.10840277777777771 0.2375
0 0.3963541666666667 0.55078125 0.10020833333333332 0.290625
0 0.5727083333333333 0.56015625 0.11614583333333321 0.234375
0 0.19458333333333333 0.27890625 0.09177083333333336 0.2625
0 0.7086631944444445 0.80546875 0.12861111111111115 0.2328125
0 0.47586805555555556 0.76953125 0.0797569444444445 0.284375
0 0.5389062499999999 0.78046875 0.11684027777777786 0.265625
0 0.59171875 0.3375 0.1058680555555556 0.2640625
0 0.27046875 0.5203125 0.08718750000000001 0.2671875
0 0.4406944444444444 0.3484375 0.08145833333333333 0.290625
0 0.6312326388888889 0.77421875 0.11371527777777786 0.265625
0 0.3421180555555556 0.53046875 0.08409722222222218 0.26875
0 0.2989409722222222 0.75078125 0.12913194444444445 0.25625