0 0.25147569444444445 0.6568576388888889 0.17488425925925927 0.34641203703703705
0 0.7148726851851852 0.6614872685185185 0.15538194444444448 0.36678240740740725
0 0.530324074074074 0.6377604166666666 0.14681712962962976 0.3458912037037038
0 0.17355324074074074 0.29956597222222225 0.1814814814814815 0.4403935185185185
0 0.5276909722222223 0.28813657407407406 0.16880787037037043 0.4768518518518519
0 0.6205150462962963 0.6638020833333333 0.13368055555555552 0.4119212962962962
0 0.3936631944444445 0.6883969907407408 0.21047453703703703 0.42384259259259255
0 0.28408564814814813 0.247265625 0.18408564814814818 0.49453125
0 0.41530671296296295 0.2933449074074074 0.15017361111111108 0.3523726851851852
0 0.765798611111111 0.2751736111111111 0.13900462962962976 0.47152777777777777
0 0.6429398148148149 0.2509837962962963 0.15596064814814808 0.5019675925925926
0 0.17271412037037037 0.6587962962962963 0.16857638888888885 0.344386574074074