0 0.27265625 0.2140625 0.21484375 0.06953125
0 0.46171875 0.23515625 0.2125 0.08359375
0 0.65625 0.234375 0.2234375 0.0734375
0 0.4546875 0.5078125 0.21015625 0.0859375
0 0.23515625 0.69609375 0.18515625 0.09296875
0 0.63515625 0.52421875 0.20546875 0.0796875
0 0.43515625 0.57109375 0.190625 0.084375
0 0.45546875 0.3140625 0.215625 0.078125
0 0.65 0.31328125 0.21640625 0.08359375
0 0.434375 0.64921875 0.19296875 0.08828125
0 0.45390625 0.36484375 0.21328125 0.07734375
0 0.28125 0.28359375 0.225 0.08046875
0 0.37734375 0.703125 0.2 0.0921875
0 0.25 0.6265625 0.21171875 0.096875
0 0.61953125 0.57578125 0.2125 0.0828125
0 0.5828125 0.72265625 0.2375 0.07734375
0 0.26640625 0.346875 0.21953125 0.08828125
0 0.628125 0.653125 0.2 0.0921875
0 0.26796875 0.41640625 0.23515625 0.08359375
0 0.2484375 0.5421875 0.225 0.0765625
0 0.64921875 0.3890625 0.20390625 0.08125
0 0.43359375 0.41953125 0.2390625 0.09609375
0 0.60859375 0.44453125 0.2390625 0.06171875
0 0.253125 0.4984375 0.221875 0.0515625