0 0.23032986111111114 0.7447164351851852 0.07520833333333332 0.22447916666666679
0 0.7164236111111111 0.8156539351851851 0.09340277777777786 0.20059027777777771
0 0.24763888888888888 0.36499421296296297 0.07326388888888893 0.20719907407407404
0 0.29281250000000003 0.7476388888888889 0.08322916666666665 0.23431712962962958
0 0.7231944444444445 0.663912037037037 0.09822916666666667 0.20711805555555554
0 0.25190972222222224 0.557181712962963 0.0952430555555555 0.21318287037037037
0 0.646267361111111 0.7834085648148148 0.1016319444444445 0.2198032407407407
0 0.32690972222222225 0.5616261574074074 0.08305555555555558 0.22650462962962958
0 0.32192708333333336 0.3725173611111111 0.09236111111111107 0.22393518518518524
0 0.7358159722222222 0.45946180555555555 0.07857638888888889 0.23560185185185195
0 0.5113888888888889 0.5772395833333334 0.06534722222222218 0.20204861111111114
0 0.585763888888889 0.413119212962963 0.08291666666666657 0.22025462962962977
0 0.5860763888888888 0.6027314814814815 0.08541666666666678 0.19231481481481474
0 0.4367361111111111 0.7639699074074073 0.08951388888888889 0.23625000000000007
0 0.4329513888888889 0.5936574074074075 0.10215277777777772 0.2432407407407407
0 0.6641666666666667 0.6057986111111111 0.09180555555555561 0.19893518518518521
0 0.3802777777777778 0.5757118055555556 0.07989583333333332 0.22475694444444444
0 0.3562326388888889 0.757638888888889 0.10031250000000007 0.23064814814814802
0 0.5620659722222221 0.7862210648148148 0.08159722222222214 0.2310995370370371
0 0.39927083333333335 0.37710069444444444 0.08576388888888883 0.2079398148148149
0 0.45567708333333334 0.4225752314814815 0.06777777777777771 0.24120370370370364
0 0.5002430555555556 0.7778761574074075 0.04888888888888889 0.23384259259259252
0 0.6637847222222222 0.4130613425925926 0.0951041666666665 0.2069328703703704
0 0.5340277777777778 0.4022511574074074 0.08277777777777776 0.21400462962962957