0 0.25859375 0.21328125 0.21640625 0.0734375
0 0.45859375 0.23515625 0.2203125 0.084375
0 0.6515625 0.240625 0.23203125 0.06953125
0 0.25859375 0.275 0.253125 0.071875
0 0.4578125 0.31171875 0.22421875 0.0828125
0 0.64609375 0.3078125 0.2171875 0.0875
0 0.64765625 0.390625 0.20703125 0.08515625
0 0.45 0.36484375 0.21953125 0.071875
0 0.246875 0.33828125 0.2046875 0.0890625
0 0.25234375 0.41640625 0.22421875 0.07734375
0 0.43046875 0.41875 0.25546875 0.0953125
0 0.609375 0.44765625 0.271875 0.06171875
0 0.6390625 0.525 0.19296875 0.0875
0 0.44765625 0.515625 0.209375 0.08515625
0 0.24453125 0.49609375 0.23828125 0.06640625
0 0.240625 0.5484375 0.22578125 0.0828125
0 0.42890625 0.56953125 0.2140625 0.084375
0 0.621875 0.57734375 0.2328125 0.084375
0 0.62890625 0.65546875 0.20234375 0.0890625
0 0.44140625 0.64609375 0.2046875 0.07890625
0 0.246875 0.62421875 0.23203125 0.08671875
0 0.22578125 0.69765625 0.20703125 0.103125
0 0.37109375 0.70859375 0.21640625 0.096875
0 0.58046875 0.725 0.2609375 0.07421875