0 0.6203125 0.4377488425925926 0.22458333333333336 0.14076388888888883
0 0.3594270833333334 0.7136979166666666 0.25687499999999996 0.11053240740740744
0 0.6051041666666667 0.6658738425925926 0.22854166666666664 0.15335648148148148
0 0.40765624999999994 0.49317129629629636 0.19302083333333328 0.13515046296296304
0 0.3634895833333333 0.6176736111111112 0.2533333333333333 0.15097222222222229
0 0.6048958333333333 0.5520428240740741 0.21156249999999996 0.1325810185185185
0 0.6329687500000001 0.34146990740740735 0.2265625 0.10027777777777783
0 0.23369791666666667 0.45934027777777775 0.2828125 0.14872685185185192
0 0.18109375 0.6987094907407407 0.24395833333333333 0.10391203703703696
0 0.20192708333333337 0.5733391203703704 0.24083333333333332 0.1506018518518518
0 0.23005208333333335 0.3502893518518519 0.23968749999999997 0.11002314814814813