0 0.328125 0.71171875 0.10703125 0.25703125
0 0.73125 0.74765625 0.090625 0.27421875
0 0.26640625 0.43125 0.1046875 0.20234375
0 0.60234375 0.4859375 0.0921875 0.29765625
0 0.8546875 0.27890625 0.07734375 0.25703125
0 0.4203125 0.70859375 0.10078125 0.278125
0 0.77890625 0.284375 0.1015625 0.2765625
0 0.33828125 0.49375 0.1 0.240625
0 0.83125 0.50859375 0.10625 0.26015625
0 0.58125 0.70078125 0.08125 0.29921875
0 0.24140625 0.6515625 0.09296875 0.29921875
0 0.4796875 0.73125 0.0984375 0.25546875
0 0.828125 0.75625 0.09140625 0.27265625
0 0.66015625 0.74375 0.08203125 0.2578125
0 0.4984375 0.49765625 0.0890625 0.259375
0 0.28828125 0.23515625 0.121875 0.23828125
0 0.60390625 0.26953125 0.096875 0.27421875
0 0.459375 0.2546875 0.10546875 0.26796875
0 0.74375 0.5140625 0.08671875 0.2703125
0 0.42890625 0.4828125 0.11328125 0.23515625
0 0.37109375 0.26484375 0.10859375 0.2671875
0 0.51875 0.2609375 0.0703125 0.28125
0 0.7046875 0.2828125 0.0953125 0.2640625
0 0.68671875 0.503125 0.0765625 0.26875