0 0.3008101851851852 0.28869791666666667 0.2671875 0.13993055555555553
0 0.20868055555555554 0.6709259259259259 0.21365740740740743 0.11069444444444443
0 0.43182870370370374 0.2640046296296296 0.18101851851851852 0.13234953703703703
0 0.22080439814814815 0.5597858796296296 0.21805555555555553 0.21209490740740744
0 0.547337962962963 0.25957175925925924 0.2033564814814815 0.18175925925925931
0 0.6658564814814815 0.5507175925925927 0.16290509259259256 0.0769328703703703
0 0.43995949074074076 0.6060127314814815 0.2523148148148149 0.21231481481481485
0 0.30685763888888895 0.21756365740740743 0.23125 0.09604166666666672
0 0.5855613425925925 0.6155844907407408 0.32459490740740726 0.20049768518518504
0 0.6948784722222222 0.40056712962962965 0.18744212962962958 0.1560300925925926
0 0.7292534722222223 0.27270833333333333 0.20115740740740745 0.19409722222222223
0 0.3492766203703704 0.4013657407407408 0.20011574074074073 0.18003472222222214
0 0.2579282407407407 0.3632986111111111 0.14409722222222224 0.09619212962962961
0 0.5237847222222223 0.38842592592592595 0.24490740740740743 0.1963657407407407
0 0.4412037037037037 0.7257986111111111 0.23321759259259256 0.08057870370370371
0 0.49930555555555556 0.5087673611111111 0.2153356481481481 0.0703125
0 0.31050347222222224 0.5045486111111112 0.1438078703703704 0.07127314814814803
0 0.2088252314814815 0.7425173611111111 0.2179976851851851 0.06422453703703698
0 0.6683449074074075 0.4961111111111111 0.1381944444444443 0.058530092592592634
0 0.23104745370370372 0.4425173611111111 0.16469907407407405 0.0801388888888889
0 0.3388310185185185 0.5739004629629629 0.06585648148148149 0.09057870370370366
0 0.6219328703703704 0.7234317129629629 0.24571759259259274 0.08122685185185183