0 0.6663368055555555 0.2426388888888889 0.26423611111111106 0.39245370370370375
0 0.6142534722222223 0.6764756944444444 0.17715277777777771 0.40118055555555543
0 0.7666493055555555 0.23486689814814815 0.2071527777777778 0.23270833333333335
0 0.5394618055555556 0.32089699074074074 0.1229861111111111 0.37734953703703705
0 0.8455902777777778 0.4795138888888889 0.07451388888888885 0.1301967592592593
0 0.3679861111111111 0.7173495370370371 0.17743055555555554 0.40743055555555563
0 0.7642534722222223 0.6753645833333333 0.18774305555555557 0.32315972222222217
0 0.7318923611111111 0.8411747685185185 0.22947916666666668 0.2078819444444445
0 0.14203125 0.37148148148148147 0.26059027777777777 0.34556712962962954
0 0.23036458333333334 0.6332407407407408 0.3175 0.3959722222222222
0 0.3190277777777778 0.41312499999999996 0.2541666666666667 0.3064699074074074
0 0.3898784722222222 0.24234375000000002 0.1958333333333333 0.3294675925925926
0 0.7549652777777778 0.4098958333333333 0.26024305555555555 0.40804398148148147
0 0.5449652777777778 0.7066666666666667 0.184375 0.5636805555555554
0 0.5967013888888889 0.45636574074074077 0.11378472222222236 0.13517361111111104