0 0.6478877314814815 0.7347395833333333 0.11631944444444446 0.2789583333333333
0 0.32115162037037037 0.7388020833333334 0.0911458333333333 0.2726041666666667
0 0.7273148148148149 0.4510416666666666 0.11903935185185191 0.22614583333333335
0 0.13521412037037037 0.2611979166666667 0.08940972222222224 0.26781249999999995
0 0.7397280092592593 0.6868229166666666 0.1049768518518519 0.309375
0 0.6475694444444444 0.5107291666666667 0.1087962962962962 0.24416666666666664
0 0.4925925925925926 0.7408333333333333 0.10972222222222214 0.26916666666666667
0 0.3806134259259259 0.4866666666666667 0.11278935185185182 0.3098958333333332
0 0.5559027777777777 0.723125 0.11209490740740743 0.2911458333333334
0 0.23203125 0.7344270833333333 0.10451388888888893 0.296875
0 0.2124710648148148 0.26869791666666665 0.11030092592592596 0.2847916666666667
0 0.39386574074074077 0.6997916666666667 0.08946759259259256 0.3114583333333332
0 0.1503761574074074 0.4861979166666666 0.1140625 0.2601041666666667
0 0.38559027777777777 0.2677083333333333 0.10572916666666661 0.28760416666666666
0 0.23599537037037038 0.5005208333333334 0.09913194444444447 0.2778124999999999
0 0.5548032407407407 0.49906249999999996 0.11984953703703702 0.24802083333333336
0 0.5353009259259259 0.26437499999999997 0.11944444444444446 0.2791666666666666
0 0.14163773148148148 0.74328125 0.10069444444444446 0.2779166666666667
0 0.47717013888888893 0.50171875 0.10005787037037024 0.2607291666666667
0 0.46629050925925924 0.26682291666666663 0.08726851851851851 0.29416666666666663
0 0.7125289351851852 0.25817708333333333 0.13234953703703703 0.24885416666666665
0 0.2881944444444445 0.27531249999999996 0.09722222222222214 0.26833333333333337
0 0.625462962962963 0.28291666666666665 0.12123842592592596 0.28552083333333333
0 0.30876736111111114 0.5022395833333333 0.10347222222222223 0.26875