0 0.6948321759259259 0.7040972222222222 0.27266203703703695 0.11833333333333336
0 0.7182002314814815 0.37946180555555553 0.267789351851852 0.09312500000000004
0 0.4070601851851852 0.7600347222222222 0.2195717592592592 0.12065972222222214
0 0.25263310185185184 0.15571180555555555 0.2630902777777778 0.09135416666666667
0 0.6415914351851851 0.7915451388888888 0.3038194444444445 0.10722222222222229
0 0.47133101851851855 0.6855729166666666 0.2382407407407408 0.11055555555555543
0 0.7100925925925926 0.5501388888888888 0.2632407407407406 0.11166666666666672
0 0.4631018518518518 0.4181076388888888 0.30386574074074063 0.11347222222222228
0 0.6886805555555556 0.6116666666666667 0.2851273148148149 0.114201388888889
0 0.7191030092592593 0.29046874999999994 0.2913194444444443 0.10666666666666665
0 0.2555497685185185 0.23315972222222223 0.2788657407407408 0.11236111111111109
0 0.6749768518518519 0.44861111111111107 0.3068287037037038 0.09173611111111128
0 0.476244212962963 0.18907986111111114 0.25390046296296287 0.11593749999999999
0 0.24432870370370371 0.4052604166666667 0.28195601851851854 0.1078125
0 0.485474537037037 0.2753993055555556 0.2725347222222222 0.10114583333333335
0 0.4651736111111111 0.5923611111111111 0.2414467592592592 0.12163194444444443
0 0.2321527777777778 0.5538888888888889 0.2726851851851852 0.12145833333333336
0 0.73328125 0.2012847222222222 0.2725462962962963 0.10270833333333336
0 0.4724131944444444 0.5153645833333333 0.2553587962962963 0.10194444444444457
0 0.23867476851851852 0.48545138888888884 0.2896296296296296 0.08940972222222214
0 0.21549189814814812 0.7296527777777777 0.24153935185185188 0.13413194444444443
0 0.25767361111111114 0.3090104166666666 0.26314814814814813 0.09916666666666671
0 0.24532407407407408 0.6450694444444445 0.2789467592592592 0.123298611111111
0 0.48288773148148145 0.34791666666666665 0.26319444444444445 0.10541666666666663