0 0.2641435185185185 0.10598090277777779 0.35008101851851847 0.21196180555555558
0 0.5359259259259259 0.11487847222222222 0.2369907407407407 0.22975694444444444
0 0.22134259259259262 0.25785879629629627 0.2303703703703704 0.28756944444444443
0 0.31842592592592595 0.3056770833333333 0.23337962962962955 0.225162037037037
0 0.49335648148148153 0.2866666666666666 0.17810185185185184 0.2430787037037037
0 0.644525462962963 0.2617534722222222 0.19960648148148152 0.29648148148148146
0 0.7902719907407407 0.28304976851851854 0.26714120370370364 0.2740625
0 0.3612326388888889 0.5130150462962962 0.5239467592592593 0.19824074074074077
0 0.7617592592592592 0.5172453703703704 0.4756712962962963 0.2006481481481483
0 0.8201099537037038 0.7227893518518519 0.23057870370370354 0.23136574074074084
0 0.6218460648148147 0.7139988425925926 0.18483796296296298 0.2525462962962962
0 0.43249999999999994 0.7113310185185184 0.29273148148148137 0.2557060185185186
0 0.24553819444444444 0.7094097222222222 0.22168981481481484 0.24060185185185184