0 0.7003993055555556 0.2681597222222222 0.10704861111111122 0.19812499999999994
0 0.21628472222222223 0.27003472222222225 0.07718749999999996 0.22798611111111108
0 0.25317708333333333 0.6615277777777777 0.08125 0.2141319444444445
0 0.7181770833333333 0.42255208333333333 0.10392361111111122 0.1979861111111111
0 0.2828645833333333 0.2768923611111111 0.0947222222222222 0.23656249999999995
0 0.24748263888888888 0.46322916666666664 0.1 0.2149652777777778
0 0.32262152777777775 0.46968750000000004 0.08812499999999997 0.22847222222222213
0 0.7402777777777778 0.6215798611111112 0.0855555555555556 0.24083333333333332
0 0.32718749999999996 0.6601388888888888 0.10361111111111114 0.2260416666666666
0 0.5232291666666666 0.47470486111111115 0.07465277777777786 0.20604166666666668
0 0.6326909722222223 0.28854166666666664 0.10687499999999997 0.2293055555555555
0 0.5842534722222222 0.46182291666666664 0.08809027777777771 0.19260416666666663
0 0.5493923611111111 0.2739236111111111 0.08826388888888878 0.23159722222222223
0 0.5942187499999999 0.6509548611111111 0.08784722222222215 0.22222222222222215
0 0.6618055555555555 0.46994791666666663 0.09298611111111121 0.19750000000000015
0 0.42317708333333337 0.2761111111111111 0.09138888888888878 0.23173611111111114
0 0.4286458333333333 0.45178819444444446 0.10138888888888893 0.2462152777777778
0 0.3476388888888889 0.2782118055555555 0.10388888888888896 0.23229166666666662
0 0.5018750000000001 0.27493055555555557 0.07909722222222229 0.2358680555555556
0 0.4021527777777777 0.6626909722222222 0.09027777777777786 0.20673611111111115
0 0.3806597222222222 0.45979166666666665 0.07861111111111115 0.2249305555555555
0 0.6717708333333333 0.6590798611111112 0.1031944444444445 0.21666666666666679
0 0.45986111111111116 0.6278298611111112 0.07319444444444442 0.24340277777777786
0 0.5407291666666667 0.6579340277777778 0.0843055555555555 0.21270833333333333