0 0.15546875 0.28781828703703705 0.09832175925925926 0.2546180555555555
0 0.23110532407407408 0.27998263888888886 0.1098958333333333 0.2723726851851852
0 0.277662037037037 0.5014351851851852 0.09421296296296297 0.27000000000000013
0 0.19502314814814814 0.5104166666666667 0.11741898148148149 0.2649652777777778
0 0.2884837962962963 0.7302199074074074 0.10717592592592595 0.28314814814814804
0 0.520775462962963 0.47160879629629626 0.09363425925925917 0.2543749999999999
0 0.6379050925925925 0.23149305555555558 0.12065972222222214 0.26825231481481476
0 0.29658564814814814 0.2726736111111111 0.11128472222222223 0.26776620370370363
0 0.20162037037037037 0.7519444444444444 0.09710648148148149 0.2639120370370371
0 0.3993055555555555 0.2563888888888889 0.10844907407407404 0.27541666666666664
0 0.5463541666666666 0.23232638888888885 0.10972222222222214 0.26768518518518525
0 0.6760706018518519 0.45885995370370375 0.10868055555555571 0.23956018518518504
0 0.413425925925926 0.4685648148148148 0.11400462962962958 0.29909722222222224
0 0.4512731481481481 0.687337962962963 0.08362268518518512 0.27880787037037036
0 0.585763888888889 0.45101851851851854 0.12094907407407404 0.23395833333333335
0 0.3789930555555555 0.7223958333333333 0.09710648148148149 0.2639120370370369
0 0.6042534722222223 0.6754918981481481 0.11163194444444446 0.2771412037037038
0 0.4887731481481481 0.24157407407407408 0.08217592592592596 0.2818518518518519
0 0.7189525462962962 0.20067708333333334 0.13055555555555554 0.2406944444444444
0 0.7416666666666667 0.3912731481481481 0.11846064814814827 0.20887731481481478
0 0.6957175925925926 0.6723148148148148 0.115625 0.25863425925925937
0 0.7794560185185185 0.6084837962962963 0.1015625 0.3000115740740741
0 0.548119212962963 0.702667824074074 0.10601851851851851 0.25189814814814804
0 0.34285300925925927 0.48631365740740745 0.109375 0.25831018518518506