0 0.3122685185185185 0.6305729166666667 0.11996527777777777 0.250324074074074
0 0.6189525462962963 0.6664236111111111 0.10648148148148148 0.2651157407407407
0 0.39519675925925923 0.6287905092592593 0.11273148148148149 0.2654861111111112
0 0.4530092592592593 0.6465046296296297 0.11400462962962958 0.2577662037037037
0 0.3154224537037037 0.41976851851851854 0.11319444444444446 0.23589120370370367
0 0.25028935185185186 0.3523784722222222 0.11857638888888884 0.21282407407407405
0 0.7522858796296297 0.2286747685185185 0.10538194444444446 0.2775231481481482
0 0.8227141203703704 0.22763310185185187 0.09068287037037023 0.25950231481481484
0 0.22094907407407405 0.5749131944444444 0.10885416666666661 0.28708333333333336
0 0.41151620370370373 0.4140740740740741 0.12094907407407404 0.23479166666666665
0 0.4361979166666667 0.19259837962962964 0.12054398148148149 0.2659490740740741
0 0.4763888888888889 0.4321527777777778 0.09953703703703702 0.2459953703703704
0 0.26938657407407407 0.17038194444444443 0.14276620370370363 0.23452546296296295
0 0.49435763888888895 0.1985474537037037 0.08663194444444429 0.276412037037037
0 0.7872685185185185 0.6869849537037037 0.09415509259259273 0.2690625000000001
0 0.7942997685185185 0.4540277777777778 0.115625 0.25942129629629634
0 0.7127604166666666 0.6835706018518518 0.11903935185185191 0.2674189814814817
0 0.5786458333333334 0.21234375 0.10613425925925916 0.25574074074074077
0 0.580005787037037 0.4181828703703704 0.12615740740740744 0.2912268518518518
0 0.34490740740740744 0.2011400462962963 0.12210648148148148 0.2660416666666666
0 0.6373842592592592 0.445318287037037 0.10046296296296298 0.27099537037037036
0 0.5425925925925925 0.6341493055555556 0.0721064814814815 0.2630787037037036
0 0.6759259259259259 0.21754050925925927 0.144849537037037 0.24868055555555557
0 0.6986979166666666 0.4518634259259259 0.08130787037037024 0.25894675925925925