0 0.2785185185185185 0.2599652777777778 0.37609953703703713 0.15399305555555554
0 0.2950462962962963 0.6980497685185185 0.315150462962963 0.15152777777777793
0 0.6471990740740741 0.456087962962963 0.4213773148148148 0.14997685185185183
0 0.6465682870370371 0.7928530092592592 0.3964004629629628 0.15273148148148152
0 0.2722337962962963 0.5718113425925926 0.34833333333333333 0.20201388888888888
0 0.2901446759259259 0.3527719907407407 0.3477546296296296 0.1238888888888889
0 0.6957986111111112 0.6882060185185186 0.4793287037037036 0.16958333333333328
0 0.6439699074074074 0.2311111111111111 0.4415740740740741 0.13465277777777782
0 0.2995138888888889 0.4573321759259259 0.3480555555555555 0.1645138888888889
0 0.3042013888888889 0.7737037037037037 0.31351851851851853 0.14212962962962958
0 0.6260300925925926 0.5517245370370369 0.37623842592592605 0.17274305555555572
0 0.6838888888888889 0.34615740740740736 0.4822222222222223 0.13837962962962963