0 0.4949826388888889 0.33310763888888884 0.09461805555555554 0.2506597222222222
0 0.2887673611111111 0.7933043981481481 0.11315972222222222 0.24142361111111105
0 0.7526041666666666 0.3226041666666667 0.11833333333333336 0.26333333333333336
0 0.43961805555555555 0.5491782407407408 0.10211805555555564 0.23665509259259246
0 0.7481770833333334 0.5453298611111111 0.09659722222222236 0.2694212962962963
0 0.66203125 0.3256192129629629 0.10385416666666672 0.24447916666666672
0 0.8362152777777778 0.3227662037037037 0.09284722222222222 0.24127314814814813
0 0.8581597222222221 0.7828356481481482 0.08104166666666686 0.2724305555555556
0 0.4302083333333334 0.33671296296296294 0.09635416666666678 0.2584837962962963
0 0.8344965277777778 0.561880787037037 0.1125694444444445 0.28516203703703696
0 0.2632291666666667 0.3824884259259259 0.09361111111111109 0.27564814814814814
0 0.7751041666666667 0.772511574074074 0.0984375 0.2819328703703704
0 0.3509027777777778 0.5654629629629631 0.10281249999999993 0.19760416666666672
0 0.5268055555555555 0.7806018518518518 0.06260416666666657 0.28635416666666663
0 0.46428819444444447 0.7802835648148149 0.09347222222222218 0.26939814814814794
0 0.26921875 0.6168576388888889 0.10798611111111107 0.21951388888888895
0 0.5090104166666667 0.5424131944444445 0.09916666666666671 0.24444444444444446
0 0.618125 0.5650462962962963 0.10666666666666665 0.30074074074074064
0 0.6807465277777778 0.5700520833333333 0.08673611111111121 0.24747685185185198
0 0.6164756944444445 0.7721238425925926 0.0999305555555555 0.27881944444444445
0 0.3734375 0.7707986111111111 0.11500000000000003 0.2539351851851851
0 0.7065277777777779 0.7808333333333334 0.1122916666666665 0.27266203703703695
0 0.3440972222222222 0.3295370370370371 0.11173611111111112 0.24766203703703704
0 0.5894097222222222 0.36288194444444444 0.08145833333333333 0.29118055555555555