0 0.29765625 0.70859375 0.17578125 0.1734375
0 0.4109375 0.6609375 0.13984375 0.24453125
0 0.5625 0.5984375 0.16484375 0.32109375
0 0.5828125 0.4671875 0.1 0.2203125
0 0.65390625 0.6796875 0.0703125 0.18984375
0 0.2859375 0.53125 0.18046875 0.2109375
0 0.65625 0.2859375 0.09609375 0.20625
0 0.30625 0.30859375 0.11484375 0.22890625
0 0.421875 0.4875 0.08046875 0.16875
0 0.575 0.296875 0.07578125 0.2109375
0 0.26953125 0.45546875 0.11171875 0.16875
0 0.7078125 0.6578125 0.06796875 0.23359375
0 0.6515625 0.471875 0.08671875 0.22890625
0 0.371875 0.328125 0.07734375 0.2234375
0 0.50078125 0.503125 0.0671875 0.18984375
0 0.43203125 0.30703125 0.06953125 0.2375
0 0.50390625 0.71875 0.0515625 0.09609375
0 0.72890625 0.27578125 0.0515625 0.19921875
0 0.5515625 0.73046875 0.05625 0.07421875
0 0.3734375 0.50390625 0.0484375 0.1671875
0 0.70234375 0.48125 0.07734375 0.22578125
0 0.51171875 0.3015625 0.0625 0.215625
0 0.23203125 0.30703125 0.07421875 0.2234375
0 0.60625 0.67421875 0.109375 0.184375