0 0.20390625 0.16875 0.25078125 0.07421875
0 0.21015625 0.23203125 0.2625 0.07265625
0 0.421875 0.2765625 0.2484375 0.08359375
0 0.4171875 0.19375 0.23515625 0.09921875
0 0.42421875 0.49921875 0.2390625 0.08671875
0 0.19921875 0.48515625 0.265625 0.07265625
0 0.6421875 0.19140625 0.23203125 0.08046875
0 0.640625 0.2703125 0.25078125 0.1015625
0 0.20390625 0.315625 0.24609375 0.09921875
0 0.63828125 0.3578125 0.2296875 0.0921875
0 0.415625 0.334375 0.2375 0.078125
0 0.41015625 0.56875 0.2140625 0.09140625
0 0.19921875 0.54453125 0.25703125 0.08359375
0 0.61953125 0.57421875 0.2421875 0.0875
0 0.20625 0.4015625 0.2609375 0.0875
0 0.59921875 0.42421875 0.2671875 0.06796875
0 0.20234375 0.63671875 0.240625 0.10703125
0 0.63203125 0.51171875 0.2328125 0.08359375
0 0.625 0.6578125 0.234375 0.1
0 0.41796875 0.65703125 0.21796875 0.0953125
0 0.3703125 0.72578125 0.203125 0.10078125
0 0.58359375 0.7375 0.259375 0.084375
0 0.39453125 0.39765625 0.265625 0.1
0 0.1890625 0.7140625 0.21640625 0.10234375