0 0.7145023148148149 0.7397916666666666 0.15798611111111108 0.37826388888888884
0 0.27661458333333333 0.7167708333333334 0.1561805555555556 0.317326388888889
0 0.5238194444444444 0.368125 0.15620370370370368 0.4235069444444444
0 0.18700810185185185 0.3637673611111111 0.15858796296296296 0.3985763888888889
0 0.4025289351851852 0.7414583333333333 0.2071527777777778 0.35124999999999995
0 0.6218576388888889 0.7267881944444445 0.1290277777777778 0.34951388888888885
0 0.2923958333333333 0.3160763888888889 0.17666666666666667 0.48173611111111114
0 0.7487731481481481 0.3746875 0.14118055555555548 0.44347222222222216
0 0.5174247685185185 0.7158680555555555 0.1696527777777778 0.35041666666666665
0 0.201087962962963 0.7064930555555555 0.14675925925925926 0.3155555555555555
0 0.42785879629629625 0.38788194444444446 0.17829861111111106 0.3787152777777778
0 0.6343055555555556 0.33305555555555555 0.14550925925925923 0.4841666666666667