0 0.834375 0.7271875000000001 0.178125 0.19937500000000002
0 0.74140625 0.5927604166666667 0.184375 0.19041666666666668
0 0.67421875 0.7152083333333333 0.18125 0.19333333333333336
0 0.821875 0.40302083333333333 0.184375 0.1716666666666667
0 0.584375 0.5641666666666667 0.1875 0.1546875
0 0.890625 0.5890625 0.140625 0.196875
0 0.52109375 0.6980729166666666 0.18125 0.22145833333333337
0 0.67578125 0.4096354166666666 0.159375 0.14968749999999992
0 0.37890625 0.7169270833333334 0.140625 0.1859375
0 0.5328125 0.41526041666666663 0.18125 0.17145833333333335
0 0.41015625 0.41171875 0.115625 0.15458333333333324