0 0.2882928240740741 0.7375 0.21638888888888888 0.0515625
0 0.3112905092592593 0.23984375 0.21666666666666662 0.0703125
0 0.3105555555555556 0.44765625 0.24164351851851854 0.06875
0 0.3048842592592592 0.5140625 0.21659722222222227 0.065625
0 0.5017708333333333 0.51328125 0.18383101851851863 0.06875
0 0.5084375 0.3796875 0.1600694444444443 0.046875
0 0.2832002314814815 0.659375 0.19831018518518517 0.096875
0 0.32949652777777777 0.38203125 0.2230555555555555 0.0796875
0 0.45965856481481476 0.24453125 0.15381944444444445 0.046875
0 0.3156365740740741 0.315625 0.23130787037037043 0.109375
0 0.6703935185185185 0.41640625 0.24103009259259256 0.1328125
0 0.2952604166666667 0.58359375 0.20425925925925928 0.0765625
0 0.46936342592592595 0.59140625 0.21715277777777775 0.103125
0 0.47461805555555553 0.65859375 0.2339236111111111 0.075
0 0.6627546296296296 0.72109375 0.22461805555555542 0.0796875
0 0.48502893518518525 0.43046875 0.16687499999999994 0.084375
0 0.6769155092592593 0.66171875 0.1948611111111111 0.075
0 0.7287094907407408 0.540625 0.08928240740740741 0.1203125
0 0.7158217592592593 0.303125 0.17915509259259252 0.175
0 0.4425578703703704 0.29140625 0.11986111111111111 0.075
0 0.529976851851852 0.296875 0.2246990740740742 0.190625
0 0.6016724537037037 0.57265625 0.32189814814814816 0.2125
0 0.4814699074074074 0.7234375 0.22942129629629626 0.0875