0 0.2265625 0.1625 0.2421875 0.0828125
0 0.44921875 0.1734375 0.24921875 0.11640625
0 0.671875 0.1671875 0.26484375 0.0875
0 0.66328125 0.24609375 0.25390625 0.11015625
0 0.45546875 0.2578125 0.26484375 0.09375
0 0.2390625 0.22578125 0.27109375 0.078125
0 0.228125 0.29765625 0.2375 0.10546875
0 0.4359375 0.3203125 0.26015625 0.10234375
0 0.66640625 0.33671875 0.225 0.10390625
0 0.6171875 0.40625 0.27578125 0.0765625
0 0.425 0.3828125 0.27578125 0.0984375
0 0.2296875 0.3890625 0.259375 0.09609375
0 0.22734375 0.46953125 0.25859375 0.0734375
0 0.4515625 0.48203125 0.2234375 0.08671875
0 0.66171875 0.49765625 0.21015625 0.10390625
0 0.2265625 0.53203125 0.24296875 0.0875
0 0.42890625 0.54609375 0.2328125 0.10625
0 0.63984375 0.5484375 0.25078125 0.090625
0 0.65 0.63359375 0.215625 0.09765625
0 0.4640625 0.63046875 0.19765625 0.0875
0 0.2421875 0.609375 0.2453125 0.10390625
0 0.221875 0.68359375 0.21484375 0.0953125
0 0.3734375 0.69609375 0.22578125 0.10546875
0 0.60859375 0.715625 0.27578125 0.09453125