0 0.3359375 0.18515625 0.41328125 0.18359375
0 0.69765625 0.196875 0.33125 0.1546875
0 0.27890625 0.29765625 0.48671875 0.1734375
0 0.334375 0.52890625 0.42265625 0.14453125
0 0.34296875 0.4234375 0.3515625 0.140625
0 0.7359375 0.41328125 0.415625 0.18515625
0 0.70078125 0.55078125 0.34140625 0.13203125
0 0.73984375 0.7359375 0.38359375 0.13203125
0 0.7296875 0.64296875 0.38046875 0.11953125
0 0.3390625 0.7609375 0.4640625 0.14375
0 0.29765625 0.6390625 0.4765625 0.1015625
0 0.690625 0.296875 0.3359375 0.2078125