0 0.2842881944444445 0.4502604166666667 0.14972222222222217 0.41270833333333334
0 0.5700462962962962 0.36630208333333336 0.14295138888888878 0.27177083333333324
0 0.43116898148148153 0.38807291666666666 0.25236111111111104 0.3867708333333333
0 0.5037037037037037 0.6389583333333333 0.15880787037037045 0.2884375
0 0.75953125 0.43500000000000005 0.19664351851851833 0.4189583333333333
0 0.6439814814814815 0.6061458333333334 0.15880787037037045 0.2884375
0 0.3479629629629629 0.6837500000000001 0.13353009259259263 0.26802083333333326
0 0.7763136574074074 0.6176562499999999 0.142048611111111 0.21083333333333343
0 0.4293923611111111 0.5320833333333332 0.16200231481481478 0.0826041666666665
0 0.8180266203703704 0.3716666666666667 0.0764120370370371 0.31104166666666655
0 0.7076967592592592 0.3672916666666667 0.1963541666666666 0.29406250000000006