0 0.316869212962963 0.7809722222222223 0.22106481481481488 0.07822916666666675
0 0.5152488425925925 0.7546527777777777 0.2265625 0.08927083333333333
0 0.7078125 0.7448958333333333 0.23634259259259274 0.07388888888888889
0 0.3122974537037037 0.7192534722222221 0.258449074074074 0.07749999999999986
0 0.5087962962962964 0.6781076388888889 0.23113425925925918 0.08781250000000007
0 0.6973668981481482 0.6778298611111111 0.22366898148148148 0.092326388888889
0 0.6927951388888889 0.5949826388888889 0.2125 0.08895833333333343
0 0.49704861111111115 0.6251562500000001 0.22407407407407404 0.07673611111111107
0 0.2958912037037037 0.6562326388888889 0.21128472222222214 0.093611111111111
0 0.2955729166666667 0.5779861111111112 0.230787037037037 0.08312500000000007
0 0.4735243055555555 0.5716840277777777 0.2633101851851851 0.10100694444444436
0 0.6502893518518519 0.5388020833333333 0.27650462962962974 0.06854166666666668
0 0.6742476851851852 0.4607986111111112 0.20023148148148148 0.09180555555555543
0 0.4835358796296297 0.47442708333333333 0.215625 0.08902777777777775
0 0.2818576388888889 0.49847222222222226 0.2424768518518518 0.07246527777777771
0 0.2740740740740741 0.4462152777777778 0.23113425925925926 0.08781250000000007
0 0.46079282407407407 0.42093749999999996 0.2203125 0.0891319444444445
0 0.6531828703703704 0.40883680555555557 0.2390625 0.08954861111111115
0 0.6544270833333334 0.33055555555555555 0.20972222222222214 0.09357638888888893
0 0.46762152777777777 0.3440972222222222 0.21047453703703703 0.08267361111111109
0 0.27471064814814816 0.3702951388888889 0.2377314814814815 0.0926388888888889
0 0.2481770833333333 0.2973263888888889 0.21388888888888893 0.10770833333333334
0 0.3926793981481481 0.28315972222222224 0.22436342592592587 0.10170138888888891
0 0.6008391203703705 0.26210069444444445 0.2664930555555557 0.08079861111111111