0 0.47437500000000005 0.36238425925925927 0.08986111111111121 0.25
0 0.8053472222222222 0.3519675925925926 0.08836805555555571 0.2530671296296297
0 0.7208854166666667 0.35274884259259254 0.10895833333333335 0.26631944444444444
0 0.2604340277777778 0.806394675925926 0.11743055555555557 0.22604166666666678
0 0.41156249999999994 0.5852430555555556 0.0985069444444445 0.21753472222222214
0 0.7994618055555556 0.5816261574074074 0.10586805555555542 0.2677662037037038
0 0.8202604166666667 0.8067997685185185 0.082534722222222 0.2715856481481481
0 0.6333333333333334 0.35185185185185186 0.09902777777777771 0.24097222222222223
0 0.4807291666666666 0.569039351851852 0.10208333333333322 0.237962962962963
0 0.4148263888888889 0.3679976851851852 0.09298611111111121 0.25011574074074067
0 0.64921875 0.5870081018518518 0.09645833333333335 0.2658564814814815
0 0.7104166666666666 0.5775462962962963 0.09475694444444435 0.25954861111111105
0 0.321875 0.5748842592592592 0.10270833333333336 0.266087962962963
0 0.24524305555555553 0.3992476851851852 0.09350694444444443 0.27355324074074067
0 0.25375000000000003 0.6497685185185185 0.11440972222222223 0.23061342592592596
0 0.3506597222222222 0.7925347222222221 0.09305555555555553 0.2532407407407408
0 0.7461805555555555 0.797800925925926 0.103125 0.284837962962963
0 0.5803993055555556 0.7986979166666666 0.09822916666666667 0.2752893518518519
0 0.49124999999999996 0.7993055555555555 0.0625 0.2833333333333332
0 0.4340972222222222 0.802662037037037 0.09347222222222236 0.2719907407407408
0 0.32895833333333335 0.36168981481481477 0.11322916666666671 0.24774305555555554
0 0.5628993055555556 0.38990162037037035 0.07479166666666667 0.2744212962962963
0 0.6732118055555556 0.8091724537037038 0.11208333333333335 0.2664351851851855
0 0.5865104166666667 0.5940682870370371 0.10333333333333332 0.29421296296296295