0 0.23609375 0.6660590277777778 0.2034375 0.2432291666666666
0 0.42020833333333335 0.6580555555555556 0.27479166666666666 0.23701388888888886
0 0.5113541666666667 0.42913194444444447 0.2476041666666667 0.2036458333333334
0 0.6255208333333334 0.2051736111111111 0.26312500000000016 0.24923611111111113
0 0.41161458333333334 0.24748263888888888 0.250625 0.2957638888888889
0 0.8503645833333333 0.20956597222222223 0.25249999999999984 0.2770833333333333
0 0.71875 0.39479166666666665 0.26291666666666663 0.2461111111111111
0 0.908828125 0.3926909722222222 0.18234375000000008 0.22916666666666669
0 0.6318229166666667 0.6517881944444445 0.2423958333333333 0.2191319444444444
0 0.8299479166666668 0.6544270833333333 0.26583333333333314 0.24305555555555552
0 0.22932291666666665 0.24762152777777774 0.2246875 0.2577430555555555