0 0.840625 0.25625 0.08125 0.246875
0 0.7625 0.25078125 0.0890625 0.265625
0 0.8078125 0.4765625 0.1015625 0.2640625
0 0.71328125 0.47265625 0.07734375 0.253125
0 0.6453125 0.47265625 0.07734375 0.2453125
0 0.58828125 0.44765625 0.09296875 0.28203125
0 0.6921875 0.25234375 0.096875 0.26640625
0 0.41796875 0.43984375 0.1 0.2296875
0 0.32265625 0.44296875 0.09609375 0.23515625
0 0.80390625 0.71171875 0.07890625 0.25625
0 0.7234375 0.70703125 0.1109375 0.259375
0 0.346875 0.21875 0.09296875 0.2546875
0 0.2765625 0.190625 0.11640625 0.228125
0 0.25234375 0.371875 0.1140625 0.22578125
0 0.5046875 0.225 0.075 0.28203125
0 0.446875 0.21484375 0.096875 0.25703125
0 0.6296875 0.69609375 0.09296875 0.25703125
0 0.59765625 0.2359375 0.09453125 0.2609375
0 0.553125 0.66953125 0.06640625 0.25078125
0 0.48359375 0.45625 0.09375 0.25
0 0.309375 0.66796875 0.1015625 0.24375
0 0.4015625 0.65390625 0.103125 0.25703125
0 0.46875 0.68046875 0.09609375 0.2453125
0 0.228125 0.609375 0.0890625 0.28203125