0 0.7722800925925926 0.7678298611111112 0.24650462962962968 0.06034722222222229
0 0.5735590277777778 0.7564814814814815 0.2568518518518518 0.07937499999999993
0 0.38902199074074073 0.7478935185185185 0.2756018518518519 0.07993055555555557
0 0.40365162037037033 0.6539409722222222 0.2926388888888889 0.16780092592592588
0 0.5486921296296297 0.6379571759259259 0.2053587962962963 0.199537037037037
0 0.7712326388888888 0.6874537037037036 0.2087152777777778 0.11383101851851851
0 0.7833680555555557 0.5754861111111111 0.21848379629629627 0.242048611111111
0 0.6771412037037037 0.5426967592592593 0.1599768518518518 0.07650462962962976
0 0.4413252314814815 0.5380497685185185 0.36342592592592593 0.0887731481481481
0 0.3609837962962963 0.5832523148148148 0.20324074074074075 0.06842592592592603
0 0.773912037037037 0.4683391203703703 0.16843749999999993 0.08923611111111107
0 0.7179629629629629 0.3972569444444445 0.20733796296296295 0.08726851851851851
0 0.6777604166666666 0.32898148148148143 0.3244212962962962 0.1188194444444445
0 0.49737268518518524 0.43050347222222224 0.25880787037037045 0.2073611111111111
0 0.7077893518518519 0.2612268518518518 0.21439814814814823 0.10307870370370367
0 0.5545717592592593 0.2699479166666666 0.19155092592592596 0.08368055555555554
0 0.47366319444444444 0.30421296296296296 0.2237268518518519 0.16263888888888883
0 0.6687094907407407 0.44026041666666665 0.17141203703703703 0.17668981481481474
0 0.30666666666666664 0.31798611111111114 0.21828703703703703 0.17807870370370366
0 0.33185763888888886 0.44276041666666666 0.1956828703703704 0.16336805555555553