0 0.8516261574074073 0.7331018518518518 0.07865740740740748 0.25243055555555555
0 0.8233159722222222 0.5115162037037038 0.10209490740740748 0.2541666666666666
0 0.8230960648148148 0.28550347222222217 0.08637731481481481 0.24675925925925926
0 0.7741550925925926 0.7302372685185186 0.10388888888888878 0.26990740740740726
0 0.7381249999999999 0.5154803240740741 0.08954861111111115 0.25011574074074083
0 0.7419733796296296 0.30011574074074077 0.10521990740740747 0.2543981481481481
0 0.6756944444444445 0.5247974537037037 0.10081018518518511 0.272800925925926
0 0.6552777777777778 0.3081018518518518 0.09400462962962966 0.23483796296296297
0 0.44631944444444444 0.5629050925925926 0.09363425925925917 0.20983796296296298
0 0.5910011574074074 0.35118634259259257 0.07105324074074063 0.2659143518518519
0 0.7077719907407407 0.73671875 0.1037962962962963 0.2636574074074073
0 0.3624363425925926 0.5495659722222223 0.10043981481481482 0.24780092592592595
0 0.6202488425925926 0.7416377314814815 0.09446759259259245 0.266087962962963
0 0.38359953703703703 0.7638599537037036 0.10666666666666665 0.24670138888888893
0 0.4751099537037037 0.7641203703703703 0.0913657407407408 0.26741898148148147
0 0.4407233796296296 0.3435474537037037 0.08798611111111114 0.25
0 0.5139409722222222 0.5344328703703705 0.09421296296296297 0.24890046296296298
0 0.5313368055555555 0.7583912037037036 0.07116898148148146 0.2737268518518519
0 0.3562673611111111 0.3443287037037037 0.10515046296296297 0.24971064814814808
0 0.6159201388888889 0.5550347222222222 0.09920138888888878 0.2695601851851851
0 0.2764236111111111 0.3924768518518518 0.08513888888888896 0.2685185185185185
0 0.29375 0.6117476851851851 0.10944444444444441 0.22349537037037023
0 0.5022800925925927 0.3280381944444445 0.08789351851851848 0.24375
0 0.3104398148148148 0.7880497685185185 0.1110763888888889 0.22829861111111108