0 0.11158564814814813 0.7268865740740741 0.0971759259259259 0.24749999999999997
0 0.7454282407407407 0.3650347222222222 0.11679398148148153 0.29450231481481487
0 0.15307291666666667 0.5146122685185185 0.1159259259259259 0.24763888888888896
0 0.24372685185185183 0.4996527777777778 0.09313657407407412 0.2599652777777777
0 0.2514872685185185 0.2746238425925926 0.12446759259259262 0.2617592592592593
0 0.47832754629629626 0.527181712962963 0.10070601851851854 0.25533564814814813
0 0.5449884259259259 0.5378356481481481 0.12136574074074069 0.23206018518518512
0 0.26927662037037037 0.7303993055555555 0.12140046296296295 0.29297453703703713
0 0.1628298611111111 0.2661516203703703 0.08359953703703704 0.2567708333333334
0 0.3699074074074074 0.5381018518518519 0.10725694444444445 0.29130787037037037
0 0.41245949074074073 0.32036458333333334 0.08645833333333339 0.2817824074074074
0 0.6973495370370371 0.6139930555555555 0.12260416666666671 0.22582175925925937
0 0.3626736111111111 0.752974537037037 0.10415509259259262 0.2616087962962963
0 0.6805439814814814 0.7873726851851852 0.12384259259259274 0.2195833333333333
0 0.6419039351851852 0.5377719907407407 0.10935185185185184 0.24134259259259244
0 0.18835069444444447 0.7235474537037037 0.11425925925925924 0.2757407407407406
0 0.6628645833333333 0.31440393518518517 0.11271990740740741 0.2460532407407408
0 0.500925925925926 0.7696296296296297 0.10859953703703695 0.25695601851851857
0 0.34080439814814817 0.2854456018518518 0.10103009259259262 0.2615856481481481
0 0.571875 0.3207638888888889 0.10760416666666668 0.26788194444444446
0 0.31384837962962964 0.5189293981481481 0.08071759259259262 0.2614351851851852
0 0.4561805555555555 0.7583564814814815 0.0894212962962964 0.2786805555555555
0 0.5989872685185185 0.7625405092592592 0.1262731481481481 0.2664583333333333
0 0.5034780092592592 0.29837384259259264 0.103263888888889 0.2444212962962963