0 0.2734375 0.20703125 0.21796875 0.0625
0 0.2765625 0.27265625 0.23359375 0.08515625
0 0.659375 0.23359375 0.2140625 0.07109375
0 0.46015625 0.23125 0.21484375 0.08984375
0 0.6546875 0.3046875 0.22265625 0.09140625
0 0.2734375 0.34140625 0.22890625 0.09296875
0 0.46484375 0.30703125 0.221875 0.07578125
0 0.4546875 0.50625 0.2078125 0.07734375
0 0.25234375 0.54609375 0.22734375 0.08984375
0 0.628125 0.575 0.215625 0.078125
0 0.25546875 0.4875 0.22734375 0.0515625
0 0.43828125 0.5671875 0.1953125 0.0828125
0 0.46015625 0.3546875 0.21484375 0.065625
0 0.26484375 0.4125 0.22890625 0.084375
0 0.2625 0.62421875 0.22421875 0.09765625
0 0.65078125 0.38359375 0.2046875 0.08203125
0 0.61171875 0.44140625 0.23671875 0.06015625
0 0.4421875 0.64453125 0.1984375 0.084375
0 0.6390625 0.5234375 0.20859375 0.08125
0 0.62890625 0.64765625 0.21328125 0.09296875
0 0.4390625 0.409375 0.2421875 0.090625
0 0.5890625 0.71875 0.2375 0.07734375
0 0.3921875 0.7015625 0.18984375 0.096875
0 0.23828125 0.68984375 0.19453125 0.1