0 0.20600694444444442 0.7305555555555555 0.2203703703703704 0.11909722222222215
0 0.22512152777777777 0.4925 0.2820833333333333 0.06875
0 0.22584490740740742 0.17243055555555556 0.2667361111111111 0.08680555555555554
0 0.45439814814814816 0.5276736111111111 0.25152777777777774 0.11423611111111107
0 0.37883680555555554 0.7499479166666667 0.23284722222222215 0.11809027777777778
0 0.6856481481481482 0.22175347222222222 0.24339120370370376 0.09201388888888892
0 0.6569039351851852 0.5476041666666667 0.24348379629629627 0.09826388888888893
0 0.613443287037037 0.7759895833333333 0.2637731481481481 0.09760416666666671
0 0.46373842592592596 0.20954861111111112 0.2921296296296296 0.11447916666666665
0 0.4579918981481482 0.2959548611111111 0.23410879629629627 0.09784722222222228
0 0.4208217592592593 0.6854513888888889 0.22956018518518526 0.10701388888888878
0 0.672800925925926 0.30315972222222226 0.25467592592592575 0.11593750000000007
0 0.23065393518518515 0.6551388888888889 0.26253472222222224 0.11940972222222221
0 0.415324074074074 0.41975694444444445 0.25770833333333343 0.10982638888888889
0 0.23566550925925928 0.255625 0.2732407407407408 0.10427083333333335
0 0.6489467592592593 0.6955902777777778 0.24530092592592592 0.11552083333333343
0 0.21670717592592595 0.5569270833333333 0.26850694444444445 0.10093750000000004
0 0.4296122685185185 0.5937152777777778 0.20456018518518526 0.10590277777777786
0 0.445625 0.35708333333333336 0.2371180555555556 0.09017361111111111
0 0.22781249999999997 0.41064236111111113 0.2669907407407407 0.10399305555555553
0 0.2281365740740741 0.32711805555555556 0.26409722222222226 0.11947916666666672
0 0.6329166666666667 0.4567534722222222 0.26041666666666663 0.08184027777777772
0 0.6492592592592593 0.6112847222222222 0.24509259259259258 0.10145833333333343
0 0.6717881944444445 0.3928993055555556 0.23576388888888894 0.1041666666666666