0 0.3228877314814815 0.8653414351851852 0.25709490740740737 0.07843750000000008
0 0.5472395833333333 0.7490798611111111 0.26046296296296295 0.08314814814814823
0 0.5438831018518518 0.8349594907407407 0.2536226851851852 0.10184027777777764
0 0.5336805555555555 0.6833796296296296 0.264664351851852 0.07380787037037032
0 0.3154861111111111 0.7075347222222221 0.26447916666666665 0.1003587962962964
0 0.5058217592592593 0.3418981481481482 0.23627314814814807 0.0985879629629629
0 0.5195138888888888 0.5005324074074073 0.24171296296296294 0.08300925925925924
0 0.32558449074074075 0.7817997685185185 0.2787847222222222 0.10515046296296297
0 0.5033564814814815 0.4449652777777778 0.2459722222222222 0.10490740740740741
0 0.30227430555555557 0.6184085648148148 0.27846064814814814 0.09890046296296298
0 0.5121875 0.6152777777777778 0.29958333333333337 0.11467592592592588
0 0.2879166666666667 0.5222453703703703 0.2882638888888889 0.07710648148148139
0 0.7888194444444444 0.8445833333333332 0.2630208333333332 0.07223379629629605
0 0.7809953703703704 0.7539351851851852 0.2747453703703705 0.11761574074074073
0 0.2772280092592593 0.46671874999999996 0.2709722222222222 0.10509259259259256
0 0.6612789351851852 0.25245949074074076 0.28134259259259264 0.09423611111111115
0 0.2858101851851852 0.3761921296296296 0.2710532407407408 0.10665509259259257
0 0.7274942129629629 0.3396354166666667 0.25033564814814824 0.09869212962962966
0 0.7712037037037037 0.6554629629629629 0.26736111111111105 0.09569444444444439
0 0.7420601851851852 0.5904282407407407 0.2757638888888888 0.0770138888888889
0 0.41117476851851853 0.2787210648148148 0.2459722222222222 0.10490740740740741
0 0.2486226851851852 0.2915740740740741 0.24053240740740742 0.12048611111111107
0 0.7228182870370371 0.4301909722222222 0.2801851851851852 0.10203703703703706
0 0.748755787037037 0.4936400462962963 0.2612731481481482 0.09877314814814823