0 0.66328125 0.5125 0.25 0.0890625
0 0.2046875 0.72890625 0.24140625 0.1078125
0 0.671875 0.2546875 0.26328125 0.1125
0 0.44765625 0.57265625 0.2359375 0.096875
0 0.44921875 0.2640625 0.26796875 0.09140625
0 0.66953125 0.3453125 0.24296875 0.0984375
0 0.67109375 0.17109375 0.23984375 0.08828125
0 0.2109375 0.159375 0.27265625 0.075
0 0.66015625 0.57734375 0.2578125 0.09140625
0 0.43203125 0.178125 0.28359375 0.10703125
0 0.615625 0.7453125 0.27578125 0.08828125
0 0.221875 0.2421875 0.28125 0.0921875
0 0.43203125 0.66171875 0.19609375 0.0984375
0 0.215625 0.490625 0.2859375 0.05546875
0 0.21640625 0.553125 0.26953125 0.08828125
0 0.38125 0.74453125 0.21796875 0.10234375
0 0.45390625 0.503125 0.24296875 0.09375
0 0.43046875 0.39453125 0.3 0.10078125
0 0.425 0.33203125 0.246875 0.08125
0 0.2234375 0.40078125 0.278125 0.09296875
0 0.2265625 0.64375 0.253125 0.109375
0 0.2140625 0.3109375 0.27109375 0.10546875
0 0.66796875 0.66328125 0.24765625 0.10546875
0 0.6328125 0.41875 0.29140625 0.07578125