0 0.30859375 0.6609375 0.26875 0.11796875
0 0.24140625 0.40078125 0.20234375 0.2078125
0 0.5421875 0.6796875 0.1921875 0.16484375
0 0.4625 0.3390625 0.2359375 0.19375
0 0.7234375 0.65703125 0.184375 0.18203125
0 0.24453125 0.28515625 0.2 0.09765625
0 0.41875 0.68359375 0.1578125 0.11171875
0 0.53359375 0.55 0.22734375 0.1765625
0 0.70078125 0.53671875 0.17734375 0.13984375
0 0.359375 0.54453125 0.1890625 0.1640625
0 0.2578125 0.5875 0.13203125 0.08515625
0 0.6828125 0.38984375 0.15546875 0.06875
0 0.47421875 0.22578125 0.23984375 0.06796875
0 0.30390625 0.73203125 0.225 0.07734375
0 0.334375 0.44296875 0.1359375 0.06875
0 0.57109375 0.44296875 0.3328125 0.06328125
0 0.25078125 0.215625 0.21171875 0.053125
0 0.3640625 0.3734375 0.05546875 0.0984375
0 0.6296875 0.321875 0.2890625 0.15546875
0 0.25390625 0.51328125 0.19609375 0.0859375
0 0.63046875 0.3265625 0.2890625 0.14921875