0 0.59921875 0.3849768518518518 0.1390625 0.2509606481481481
0 0.70859375 0.3429918981481482 0.1890625 0.18949074074074074
0 0.415625 0.5754571759259259 0.10625 0.2289467592592592
0 0.44375 0.4417592592592593 0.1671875 0.32116898148148143
0 0.35703125 0.7630439814814816 0.103125 0.20847222222222223
0 0.725 0.5227488425925926 0.184375 0.21893518518518515
0 0.35703125 0.3747627314814815 0.075 0.20701388888888897
0 0.74609375 0.6043113425925926 0.109375 0.1619212962962962
0 0.709375 0.7445949074074074 0.115625 0.23724537037037052
0 0.29609375 0.3926967592592593 0.071875 0.24435185185185188
0 0.50546875 0.5433969907407408 0.06875 0.20043981481481482
0 0.43828125 0.7516319444444445 0.075 0.2117013888888888
0 0.590625 0.5603125 0.08125 0.17296296296296312
0 0.64453125 0.7240451388888889 0.078125 0.23373842592592595
0 0.58203125 0.743460648148148 0.06875 0.2426273148148148
0 0.3109375 0.5684664351851852 0.078125 0.22905092592592596
0 0.63671875 0.5470775462962963 0.05 0.16821759259259253
0 0.446875 0.3177025462962963 0.0625 0.08136574074074074
0 0.5046875 0.3292939814814815 0.05 0.09478009259259261
0 0.2859375 0.7695138888888889 0.05 0.20571759259259254
0 0.7859375 0.7485648148148148 0.075 0.22420138888888896
0 0.7875 0.4384895833333333 0.040625 0.08648148148148156
0 0.36640625 0.5729050925925925 0.0796875 0.21975694444444435
0 0.50390625 0.7394097222222223 0.084375 0.23874999999999993