0 0.259375 0.22265625 0.26953125 0.04921875
0 0.228125 0.29609375 0.20625 0.1
0 0.30234375 0.6796875 0.25546875 0.11796875
0 0.53203125 0.559375 0.2203125 0.16953125
0 0.54140625 0.69609375 0.203125 0.16875
0 0.3078125 0.7453125 0.2359375 0.0890625
0 0.2328125 0.4125 0.2125 0.2171875
0 0.6171875 0.33125 0.303125 0.159375
0 0.70546875 0.54375 0.1796875 0.14140625
0 0.7328125 0.67109375 0.18515625 0.1796875
0 0.34609375 0.56015625 0.17578125 0.16171875
0 0.4640625 0.3484375 0.259375 0.20859375
0 0.25 0.60625 0.1265625 0.08984375
0 0.5703125 0.45 0.33515625 0.0734375
0 0.46875 0.22578125 0.2359375 0.06796875
0 0.6328125 0.21875 0.30859375 0.065625
0 0.2546875 0.53359375 0.1953125 0.08984375
0 0.4546875 0.70625 0.20078125 0.1578125
0 0.33046875 0.45703125 0.1578125 0.07421875
0 0.35234375 0.38671875 0.0796875 0.08359375