0 0.3234375 0.1875 0.4109375 0.18046875
0 0.6796875 0.1953125 0.31484375 0.15
0 0.275 0.28984375 0.48984375 0.17578125
0 0.32734375 0.52421875 0.42578125 0.1328125
0 0.7046875 0.41328125 0.359375 0.196875
0 0.62890625 0.53046875 0.52734375 0.1390625
0 0.71796875 0.721875 0.38984375 0.13203125
0 0.3359375 0.75703125 0.465625 0.13671875
0 0.3421875 0.4171875 0.346875 0.13515625
0 0.2953125 0.63203125 0.484375 0.1046875
0 0.7125 0.63203125 0.42421875 0.11640625
0 0.6703125 0.28359375 0.32578125 0.171875