0 0.6765625 0.28515625 0.25859375 0.10546875
0 0.65234375 0.5375 0.246875 0.0921875
0 0.42578125 0.5921875 0.23515625 0.1046875
0 0.4421875 0.2875 0.24140625 0.090625
0 0.675 0.203125 0.246875 0.08515625
0 0.19296875 0.73671875 0.22265625 0.1171875
0 0.2234375 0.17421875 0.26484375 0.0734375
0 0.60625 0.77109375 0.259375 0.0921875
0 0.4375 0.5046875 0.2375 0.0671875
0 0.45078125 0.20234375 0.26640625 0.1015625
0 0.43671875 0.3484375 0.2390625 0.0796875
0 0.6703125 0.3765625 0.2390625 0.09609375
0 0.6421875 0.684375 0.25703125 0.103125
0 0.40625 0.678125 0.2234375 0.09921875
0 0.64140625 0.596875 0.25234375 0.09453125
0 0.22265625 0.4140625 0.2734375 0.09375
0 0.228125 0.2515625 0.2765625 0.1015625
0 0.2140625 0.49921875 0.28203125 0.053125
0 0.6296875 0.4453125 0.26484375 0.0734375
0 0.225 0.3328125 0.26953125 0.103125
0 0.2078125 0.56015625 0.275 0.0875
0 0.40859375 0.41015625 0.25859375 0.10234375
0 0.21328125 0.64765625 0.2546875 0.09296875
0 0.3703125 0.75078125 0.21875 0.1109375