0 0.31640625 0.665625 0.10703125 0.25078125
0 0.7171875 0.71640625 0.08515625 0.26953125
0 0.40546875 0.66640625 0.10234375 0.26015625
0 0.7625 0.27109375 0.0953125 0.26875
0 0.8390625 0.27421875 0.0796875 0.25703125
0 0.2609375 0.390625 0.1078125 0.215625
0 0.55546875 0.6640625 0.078125 0.2859375
0 0.2875 0.20859375 0.1203125 0.2265625
0 0.58828125 0.4625 0.103125 0.28984375
0 0.46171875 0.6890625 0.10390625 0.240625
0 0.484375 0.46953125 0.08828125 0.25078125
0 0.3296875 0.45546875 0.0953125 0.23515625
0 0.80546875 0.4921875 0.10625 0.2484375
0 0.4203125 0.4546875 0.10703125 0.23125
0 0.23125 0.61015625 0.08984375 0.2859375
0 0.50625 0.24140625 0.07421875 0.27421875
0 0.45234375 0.23046875 0.1046875 0.259375
0 0.7140625 0.49296875 0.08125 0.25625
0 0.590625 0.25234375 0.0984375 0.2671875
0 0.36171875 0.23671875 0.10390625 0.259375
0 0.79765625 0.73203125 0.08203125 0.2546875
0 0.6890625 0.26171875 0.1171875 0.24765625
0 0.64140625 0.4875 0.078125 0.2515625
0 0.62578125 0.7109375 0.09140625 0.24609375