0 0.7043576388888889 0.7722395833333333 0.11434027777777782 0.22586805555555536
0 0.14085069444444445 0.7597743055555556 0.0842361111111111 0.27673611111111107
0 0.46890625 0.7556076388888889 0.06260416666666657 0.2871875000000001
0 0.49286458333333333 0.5208159722222222 0.1082638888888889 0.2335416666666667
0 0.17138888888888887 0.29916666666666664 0.086875 0.25493055555555555
0 0.5106597222222222 0.3173958333333333 0.09298611111111121 0.2488194444444444
0 0.715017361111111 0.6088020833333333 0.11097222222222207 0.21486111111111122
0 0.21828124999999998 0.7541493055555556 0.0999305555555555 0.2802083333333332
0 0.62625 0.7380555555555556 0.11545138888888892 0.27586805555555555
0 0.7408333333333333 0.36069444444444443 0.0952430555555555 0.28010416666666665
0 0.6483333333333333 0.5525 0.10159722222222226 0.21465277777777772
0 0.5265277777777777 0.7629166666666667 0.09357638888888893 0.2753819444444446
0 0.57140625 0.3246354166666666 0.09625000000000003 0.2551388888888889
0 0.25232638888888886 0.3114236111111111 0.11236111111111118 0.2773611111111111
0 0.5558854166666667 0.5311284722222223 0.10833333333333321 0.23666666666666672
0 0.34859375 0.30147569444444444 0.10222222222222221 0.2427777777777777
0 0.38074652777777784 0.5412673611111111 0.10687499999999997 0.3115972222222222
0 0.37838541666666664 0.7529340277777778 0.09989583333333334 0.27864583333333337
0 0.25852430555555556 0.5244618055555555 0.09319444444444444 0.2581944444444444
0 0.4129513888888889 0.35704861111111114 0.07670138888888882 0.2890625
0 0.2916840277777778 0.754079861111111 0.10593750000000002 0.2694097222222222
0 0.6582638888888889 0.31645833333333334 0.10861111111111103 0.24916666666666662
0 0.16640625 0.5233854166666667 0.10263888888888886 0.2615277777777777
0 0.32230902777777776 0.5355381944444445 0.10673611111111114 0.3053472222222222