0 0.86171875 0.265625 0.0765625 0.25703125
0 0.7796875 0.2703125 0.1 0.28125
0 0.83125 0.49453125 0.10546875 0.2515625
0 0.746875 0.49453125 0.08828125 0.27109375
0 0.7453125 0.7328125 0.09453125 0.28671875
0 0.83203125 0.746875 0.09375 0.26875
0 0.60390625 0.475 0.09296875 0.296875
0 0.71328125 0.2671875 0.1 0.26640625
0 0.6109375 0.25546875 0.10078125 0.27890625
0 0.50234375 0.48203125 0.1 0.25234375
0 0.36328125 0.25078125 0.11328125 0.2734375
0 0.5796875 0.69140625 0.07890625 0.30078125
0 0.459375 0.23828125 0.1046875 0.27109375
0 0.43046875 0.46875 0.1140625 0.2359375
0 0.6921875 0.48828125 0.07421875 0.2671875
0 0.33515625 0.475 0.10234375 0.24453125
0 0.284375 0.221875 0.12265625 0.2375
0 0.41953125 0.696875 0.10234375 0.27890625
0 0.27421875 0.41875 0.11796875 0.215625
0 0.32578125 0.703125 0.10625 0.25703125
0 0.23828125 0.64453125 0.09453125 0.30546875
0 0.6546875 0.72890625 0.07578125 0.2609375
0 0.4828125 0.71640625 0.09921875 0.2609375
0 0.52109375 0.24453125 0.08515625 0.27265625