0 0.6975694444444445 0.7599131944444444 0.20706018518518512 0.05613425925925917
0 0.4842592592592593 0.7529282407407407 0.28321759259259255 0.07287037037037045
0 0.28671875 0.7542939814814815 0.26302083333333337 0.07413194444444429
0 0.6988425925925925 0.679513888888889 0.21770833333333323 0.11560185185185183
0 0.48663194444444446 0.6366145833333333 0.2749421296296296 0.1929282407407408
0 0.31264467592592593 0.6571412037037037 0.320949074074074 0.16083333333333324
0 0.2703414351851852 0.5961168981481482 0.17337962962962958 0.06500000000000003
0 0.3644675925925926 0.5369733796296297 0.3854166666666667 0.06189814814814802
0 0.6104456018518518 0.5348900462962962 0.12743055555555555 0.07680555555555557
0 0.716116898148148 0.5621990740740741 0.2273148148148149 0.24528935185185183
0 0.7182002314814815 0.4497916666666667 0.17233796296296297 0.0930787037037037
0 0.629832175925926 0.4206655092592593 0.18859953703703702 0.1651157407407407
0 0.43938078703703703 0.4211458333333333 0.258449074074074 0.20204861111111114
0 0.2552372685185185 0.4418229166666666 0.19461805555555553 0.16208333333333336
0 0.2441261574074074 0.31790509259259264 0.19155092592592596 0.18388888888888885
0 0.42488425925925927 0.2902546296296296 0.2015046296296296 0.149699074074074
0 0.6861400462962963 0.37690972222222224 0.184375 0.08701388888888886
0 0.6346354166666666 0.3136805555555556 0.3398726851851851 0.10024305555555557
0 0.6787037037037036 0.23498842592592592 0.24050925925925917 0.08628472222222223
0 0.5146412037037037 0.25848958333333333 0.17615740740740743 0.10250000000000004