0 0.7046875 0.27265625 0.0578125 0.19921875
0 0.64296875 0.28125 0.10859375 0.19609375
0 0.5546875 0.2828125 0.07734375 0.1796875
0 0.48671875 0.2953125 0.07421875 0.209375
0 0.68984375 0.47890625 0.075 0.225
0 0.63203125 0.46953125 0.075 0.21953125
0 0.571875 0.465625 0.11484375 0.215625
0 0.4953125 0.49453125 0.06953125 0.18359375
0 0.54765625 0.5953125 0.20859375 0.315625
0 0.70390625 0.64609375 0.07421875 0.23125
0 0.6375 0.65859375 0.08125 0.22578125
0 0.52578125 0.709375 0.128125 0.128125
0 0.41796875 0.30390625 0.07109375 0.228125
0 0.35625 0.3265625 0.090625 0.23515625
0 0.27734375 0.3046875 0.07890625 0.209375
0 0.209375 0.3109375 0.075 0.20546875
0 0.4078125 0.5046875 0.0828125 0.1609375
0 0.40234375 0.66328125 0.146875 0.265625
0 0.28359375 0.71796875 0.18125 0.17734375
0 0.26484375 0.55 0.1859375 0.2078125
0 0.24765625 0.47265625 0.11640625 0.14453125
0 0.35625 0.50546875 0.06640625 0.13671875