0 0.66171875 0.7626504629629629 0.303125 0.17421296296296304
0 0.70625 0.29732060185185183 0.371875 0.15953703703703698
0 0.70078125 0.6180902777777778 0.378125 0.21459490740740747
0 0.3171875 0.4805150462962963 0.428125 0.1722453703703703
0 0.3046875 0.8289930555555556 0.41875 0.19043981481481503
0 0.68046875 0.4832928240740741 0.3390625 0.1482175925925926
0 0.70625 0.39575810185185184 0.384375 0.14152777777777778
0 0.2578125 0.7223090277777777 0.4921875 0.1963541666666666
0 0.32890625 0.5858969907407408 0.3625 0.16054398148148152
0 0.30859375 0.24719328703703702 0.44375 0.16379629629629627
0 0.29140625 0.3555497685185185 0.5 0.1608796296296296
0 0.68671875 0.8414756944444445 0.33125 0.1665046296296296
0 0.165625 0.8074710648148148 0.125 0.12615740740740727