0 0.2453125 0.21015625 0.2265625 0.06953125
0 0.640625 0.225 0.2125 0.071875
0 0.2546875 0.27734375 0.23203125 0.08515625
0 0.6390625 0.29765625 0.22265625 0.0921875
0 0.446875 0.30390625 0.225 0.07734375
0 0.25078125 0.33828125 0.23046875 0.09453125
0 0.44375 0.50703125 0.2109375 0.0765625
0 0.4375 0.22734375 0.21640625 0.08984375
0 0.2453125 0.496875 0.24296875 0.06484375
0 0.4328125 0.565625 0.19609375 0.08515625
0 0.62265625 0.56875 0.21640625 0.08125
0 0.23984375 0.54609375 0.23125 0.08046875
0 0.6390625 0.37421875 0.20390625 0.0828125
0 0.25078125 0.415625 0.2375 0.08203125
0 0.62890625 0.64609375 0.21171875 0.09296875
0 0.43125 0.3609375 0.22890625 0.0703125
0 0.4375 0.6453125 0.196875 0.0859375
0 0.6 0.43515625 0.24609375 0.0625
0 0.24921875 0.615625 0.21328125 0.07578125
0 0.63359375 0.51484375 0.2046875 0.08046875
0 0.58984375 0.7171875 0.23828125 0.07265625
0 0.38125 0.709375 0.2015625 0.08984375
0 0.421875 0.4125 0.24296875 0.08828125
0 0.2375 0.70234375 0.18671875 0.0875