0 0.27734375 0.23828125 0.2703125 0.0515625
0 0.4578125 0.24921875 0.26015625 0.05859375
0 0.65 0.24765625 0.26328125 0.0578125
0 0.25234375 0.31328125 0.23359375 0.10625
0 0.471875 0.37265625 0.29921875 0.19140625
0 0.6234375 0.35390625 0.30703125 0.15
0 0.68359375 0.40703125 0.1671875 0.06953125
0 0.36875 0.40625 0.09609375 0.08984375
0 0.33671875 0.46171875 0.15078125 0.06875
0 0.24296875 0.43515625 0.1984375 0.2296875
0 0.59609375 0.4578125 0.37578125 0.0796875
0 0.30234375 0.7546875 0.24296875 0.07734375
0 0.453125 0.71328125 0.18515625 0.12421875
0 0.553125 0.70625 0.2125 0.15703125
0 0.73046875 0.6859375 0.1953125 0.1875
0 0.70078125 0.559375 0.18515625 0.16328125
0 0.52734375 0.57578125 0.26328125 0.203125
0 0.35625 0.57265625 0.1765625 0.17421875
0 0.26640625 0.6078125 0.1359375 0.10234375
0 0.3453125 0.67734375 0.33046875 0.103125