0 0.2953125 0.71015625 0.17734375 0.175
0 0.40546875 0.66484375 0.13515625 0.24453125
0 0.57734375 0.465625 0.10390625 0.2140625
0 0.5484375 0.6015625 0.16328125 0.32265625
0 0.28125 0.53125 0.1796875 0.2125
0 0.41796875 0.490625 0.08046875 0.1703125
0 0.65234375 0.284375 0.096875 0.203125
0 0.2625 0.45078125 0.10234375 0.14765625
0 0.56875 0.29296875 0.0734375 0.2015625
0 0.65 0.671875 0.07109375 0.1921875
0 0.49765625 0.5015625 0.06875 0.1921875
0 0.296875 0.31640625 0.11015625 0.23046875
0 0.70546875 0.5671875 0.0828125 0.403125
0 0.50234375 0.3015625 0.06640625 0.21640625
0 0.4328125 0.31015625 0.071875 0.23671875
0 0.6390625 0.46796875 0.07578125 0.2203125
0 0.36953125 0.50390625 0.046875 0.165625
0 0.71953125 0.27421875 0.04921875 0.20078125
0 0.50625 0.71640625 0.0515625 0.0921875
0 0.36953125 0.3296875 0.0703125 0.22109375
0 0.225 0.3109375 0.071875 0.215625
0 0.5515625 0.73203125 0.05390625 0.065625
0 0.2203125 0.72578125 0.025 0.09609375
0 0.415625 0.746875 0.08203125 0.08515625