0 0.7661747685185185 0.7920023148148149 0.25576388888888885 0.10406249999999986
0 0.7671006944444445 0.7175983796296297 0.27460648148148153 0.10829861111111114
0 0.31587384259259255 0.7028587962962962 0.2860069444444444 0.12457175925925909
0 0.5259780092592592 0.7678877314814814 0.24515046296296283 0.1143518518518519
0 0.5400694444444445 0.6887905092592593 0.2649537037037037 0.0983680555555555
0 0.7742534722222223 0.6420428240740741 0.25342592592592583 0.13043981481481487
0 0.5679340277777778 0.5462673611111111 0.29074074074074086 0.1264120370370371
0 0.32003472222222223 0.6055671296296297 0.2559490740740741 0.11031250000000004
0 0.30265624999999996 0.7850347222222223 0.2584722222222222 0.09018518518518519
0 0.5547685185185185 0.445306712962963 0.25107638888888884 0.10378472222222221
0 0.7783912037037036 0.5439699074074074 0.26844907407407403 0.11105324074074083
0 0.7936400462962963 0.39828125000000003 0.2688657407407408 0.12511574074074075
0 0.36641203703703706 0.5331655092592593 0.2928472222222222 0.09222222222222225
0 0.7863136574074074 0.3094965277777778 0.26872685185185186 0.12042824074074074
0 0.5747222222222221 0.37916666666666665 0.23766203703703717 0.12482638888888883
0 0.5696469907407407 0.2871180555555556 0.24050925925925917 0.11563657407407409
0 0.5471296296296296 0.6101099537037037 0.26178240740740755 0.09662037037037052
0 0.35171874999999997 0.3806423611111111 0.2654629629629629 0.11555555555555559
0 0.6341087962962962 0.2175578703703704 0.2284259259259258 0.12895833333333329
0 0.7853819444444444 0.46294560185185185 0.2833796296296297 0.0885416666666666
0 0.35376736111111107 0.29130208333333335 0.26408564814814817 0.12171296296296301
0 0.8143750000000001 0.2264409722222222 0.23798611111111115 0.13576388888888893
0 0.4027372685185185 0.20074652777777774 0.29340277777777785 0.11097222222222225
0 0.3331423611111111 0.44043981481481487 0.249837962962963 0.11462962962962955