0 0.4373379629629629 0.6739930555555556 0.18060185185185187 0.20374999999999996
0 0.7431076388888889 0.7250868055555555 0.19446759259259264 0.17440972222222229
0 0.4400347222222223 0.5346875000000001 0.16550925925925916 0.15972222222222215
0 0.5914756944444445 0.46326388888888886 0.15081018518518513 0.175
0 0.7240393518518518 0.41651041666666666 0.21175925925925937 0.20288194444444443
0 0.6131886574074075 0.6184548611111111 0.1816898148148148 0.16944444444444445
0 0.7383969907407407 0.5663888888888888 0.18280092592592592 0.18819444444444447
0 0.4375810185185185 0.3876736111111111 0.17351851851851857 0.18954861111111115
0 0.6164178240740741 0.7521527777777778 0.17615740740740743 0.12874999999999998
0 0.7252662037037038 0.27880208333333334 0.18682870370370352 0.1508333333333333
0 0.4319212962962963 0.2657638888888889 0.17221064814814807 0.1411458333333334