0 0.6796875 0.565625 0.35 0.1328125
0 0.70390625 0.759375 0.3921875 0.1375
0 0.66640625 0.28828125 0.33359375 0.1609375
0 0.69765625 0.42890625 0.371875 0.1953125
0 0.31796875 0.54921875 0.434375 0.14140625
0 0.25390625 0.3046875 0.5015625 0.1640625
0 0.29921875 0.2015625 0.41953125 0.165625
0 0.66796875 0.2171875 0.32109375 0.15078125
0 0.70234375 0.65859375 0.40234375 0.10625
0 0.340625 0.4390625 0.39296875 0.140625
0 0.27421875 0.6625 0.484375 0.10078125
0 0.3171875 0.7828125 0.4734375 0.14609375
0 0.1640625 0.2140625 0.13125 0.11484375