0 0.7078125 0.3015625 0.3109375 0.1484375
0 0.7109375 0.2203125 0.3 0.13828125
0 0.36328125 0.534375 0.4140625 0.140625
0 0.3703125 0.20234375 0.38671875 0.1453125
0 0.7203125 0.74140625 0.3546875 0.1296875
0 0.74921875 0.42578125 0.35625 0.19453125
0 0.70546875 0.55859375 0.32734375 0.12265625
0 0.37578125 0.4359375 0.346875 0.13671875
0 0.73203125 0.646875 0.375 0.10703125
0 0.31484375 0.30390625 0.4703125 0.1640625
0 0.35859375 0.76015625 0.4359375 0.12421875
0 0.321875 0.64453125 0.46640625 0.11328125