0 0.7310474537037037 0.24586805555555555 0.1628703703703705 0.05962962962962966
0 0.5834664351851852 0.2647743055555556 0.16297453703703707 0.07369212962962965
0 0.4381539351851852 0.27338541666666666 0.16291666666666665 0.06587962962962965
0 0.7259085648148147 0.29072337962962963 0.17385416666666664 0.06652777777777778
0 0.5854224537037037 0.317806712962963 0.16613425925925931 0.07856481481481481
0 0.43849537037037034 0.31947916666666665 0.16298611111111114 0.07525462962962966
0 0.7239583333333334 0.3439872685185185 0.18802083333333322 0.08142361111111107
0 0.5818229166666666 0.35944444444444446 0.16452546296296297 0.07222222222222223
0 0.4342534722222222 0.37991319444444444 0.1473842592592593 0.0774537037037037
0 0.725925925925926 0.39858217592592593 0.17542824074074054 0.06818287037037037
0 0.5954340277777778 0.4031886574074074 0.19112268518518521 0.0784837962962964
0 0.4635011574074074 0.42429398148148145 0.17847222222222214 0.05743055555555561
0 0.45797453703703705 0.6278356481481481 0.19414351851851847 0.06460648148148138
0 0.6173321759259259 0.6160474537037037 0.16924768518518504 0.07718749999999996
0 0.728269675925926 0.6094733796296297 0.15050925925925931 0.07763888888888885
0 0.7177256944444445 0.5577314814814816 0.17388888888888906 0.07121527777777778
0 0.56703125 0.5783854166666667 0.14733796296296298 0.0712037037037037
0 0.43175347222222216 0.5699884259259259 0.17234953703703706 0.07424768518518512
0 0.4326331018518519 0.47770833333333335 0.1442013888888889 0.06945601851851854
0 0.43923611111111105 0.524994212962963 0.1660763888888889 0.07075231481481481
0 0.5814351851851851 0.518130787037037 0.14892361111111113 0.0744212962962962
0 0.7321238425925926 0.4966956018518519 0.1660763888888889 0.07075231481481481
0 0.7279282407407408 0.4578645833333333 0.17534722222222215 0.05724537037037045
0 0.574068287037037 0.4732349537037036 0.13790509259259273 0.06283564814814824