0 0.7299189814814815 0.20960648148148148 0.25914351851851836 0.09625000000000003
0 0.49829282407407405 0.317505787037037 0.258912037037037 0.09312500000000004
0 0.27120949074074074 0.22636574074074076 0.2539930555555555 0.08972222222222222
0 0.5053819444444445 0.23239583333333336 0.24803240740740745 0.11425925925925924
0 0.27071759259259254 0.30715856481481485 0.2706018518518519 0.1249305555555555
0 0.4965277777777778 0.3942997685185185 0.24282407407407405 0.08594907407407408
0 0.5071180555555556 0.5479398148148148 0.22592592592592595 0.10983796296296297
0 0.7261574074074074 0.3663194444444444 0.2575231481481481 0.1163773148148148
0 0.5029513888888888 0.7101215277777777 0.22100694444444446 0.10643518518518516
0 0.7564525462962963 0.7730092592592592 0.22094907407407405 0.12665509259259267
0 0.27259837962962963 0.39829282407407407 0.24670138888888885 0.11729166666666666
0 0.5218460648148149 0.6139409722222222 0.23206018518518512 0.10864583333333329
0 0.7248553240740742 0.28855902777777775 0.2609953703703704 0.12125000000000004
0 0.7289930555555555 0.6882060185185186 0.2606481481481481 0.11656249999999986
0 0.29638310185185185 0.7127893518518518 0.24432870370370371 0.10626157407407408
0 0.5073784722222222 0.4702719907407408 0.21967592592592594 0.06746527777777764
0 0.7438078703703704 0.5941377314814815 0.26030092592592596 0.11187499999999986
0 0.34444444444444444 0.7948900462962962 0.27199074074074076 0.10167824074074083
0 0.3349247685185185 0.4678993055555556 0.3080439814814815 0.10537037037037038
0 0.5717013888888889 0.7777546296296297 0.21770833333333323 0.12490740740740733
0 0.7336805555555556 0.45543402777777775 0.2627893518518519 0.12446759259259252
0 0.28920717592592593 0.5554282407407407 0.24421296296296297 0.10469907407407408
0 0.49733796296296295 0.44692129629629634 0.34450231481481486 0.13553240740740727
0 0.7351851851851852 0.5410532407407407 0.28287037037037044 0.12254629629629629
0 0.30266203703703703 0.6174305555555556 0.2793981481481481 0.11767361111111115