0 0.26837384259259256 0.7185937499999999 0.06521990740740743 0.2017129629629629
0 0.3304108796296296 0.7081712962962963 0.1166666666666667 0.20011574074074084
0 0.41875 0.7039930555555556 0.08478009259259256 0.18200231481481488
0 0.487181712962963 0.6894791666666666 0.08275462962962958 0.21159722222222221
0 0.29085648148148147 0.5119039351851852 0.0833333333333334 0.22722222222222221
0 0.34832175925925923 0.5195659722222222 0.08310185185185182 0.2209722222222222
0 0.4083333333333334 0.5216898148148148 0.12361111111111107 0.21905092592592582
0 0.4859664351851851 0.4905150462962963 0.07557870370370381 0.18641203703703707
0 0.43735532407407407 0.3912847222222222 0.22106481481481488 0.32182870370370364
0 0.2829861111111111 0.34513310185185186 0.08356481481481479 0.23347222222222222
0 0.34985532407407405 0.33066550925925925 0.08958333333333339 0.22740740740740736
0 0.46345486111111106 0.2765740740740741 0.13287037037037042 0.1319212962962963
0 0.55625 0.6788483796296296 0.08032407407407405 0.23025462962962956
0 0.6188078703703704 0.6543634259259259 0.09930555555555572 0.23706018518518518
0 0.6969039351851851 0.673900462962963 0.08587962962962976 0.2116898148148149
0 0.7651041666666666 0.6656365740740741 0.08263888888888893 0.20847222222222223
0 0.5738425925925925 0.4777662037037037 0.0887731481481481 0.1633912037037037
0 0.5851851851851853 0.31901041666666663 0.15671296296296297 0.26997685185185183
0 0.7059606481481481 0.26080439814814815 0.18784722222222214 0.1834953703703704
0 0.7184895833333333 0.42821759259259257 0.19363425925925917 0.2133217592592592
0 0.7328125 0.5050520833333334 0.12094907407407404 0.14717592592592582
0 0.6254340277777778 0.47545717592592596 0.07071759259259255 0.1394444444444444