0 0.30713541666666666 0.6418229166666667 0.12784722222222217 0.2768750000000001
0 0.5690451388888889 0.6859895833333334 0.21552083333333344 0.2203125
0 0.29444444444444445 0.4055208333333333 0.17624999999999993 0.2083333333333332
0 0.7637152777777778 0.280625 0.07222222222222215 0.30125
0 0.3213541666666667 0.21260416666666665 0.19503472222222218 0.2111458333333333
0 0.6877951388888889 0.6780729166666667 0.1046180555555555 0.21447916666666664
0 0.6378298611111111 0.4341145833333334 0.20527777777777773 0.2508333333333333
0 0.4489930555555556 0.22593750000000004 0.15097222222222229 0.19416666666666665
0 0.75671875 0.45505208333333336 0.06791666666666671 0.24791666666666662
0 0.4373784722222222 0.39755208333333336 0.1738888888888889 0.24250000000000008
0 0.3883333333333333 0.6738541666666666 0.09715277777777773 0.159375
0 0.43081597222222223 0.5875520833333333 0.16013888888888878 0.18541666666666679
0 0.5969791666666666 0.23635416666666664 0.0692013888888889 0.16531249999999992
0 0.7590277777777779 0.6670833333333334 0.057916666666666575 0.21916666666666665
0 0.5414583333333333 0.3477083333333334 0.07770833333333335 0.3375
0 0.6581944444444444 0.29 0.16281250000000008 0.3057291666666667
0 0.5350694444444445 0.6001041666666668 0.07520833333333332 0.15479166666666658
0 0.45828125000000003 0.6855729166666666 0.09458333333333328 0.18416666666666667
0 0.2328125 0.6514583333333334 0.0879513888888889 0.2367708333333333
0 0.24168402777777778 0.49796874999999996 0.10090277777777779 0.1877083333333333