0 0.24765625 0.2171875 0.22421875 0.065625
0 0.2203125 0.70703125 0.1875 0.09453125
0 0.2375 0.503125 0.23671875 0.05625
0 0.63828125 0.2421875 0.21328125 0.06953125
0 0.37890625 0.71484375 0.196875 0.0984375
0 0.25234375 0.28359375 0.23125 0.084375
0 0.440625 0.2421875 0.21328125 0.090625
0 0.61875 0.5296875 0.21328125 0.08125
0 0.4328125 0.5140625 0.20546875 0.0765625
0 0.4421875 0.31640625 0.22578125 0.07734375
0 0.2421875 0.42578125 0.22734375 0.08203125
0 0.63125 0.3140625 0.21875 0.08984375
0 0.5671875 0.7296875 0.234375 0.0796875
0 0.61171875 0.58046875 0.2203125 0.08359375
0 0.2421875 0.63515625 0.221875 0.096875
0 0.421875 0.57890625 0.2015625 0.08203125
0 0.41796875 0.42421875 0.24296875 0.0921875
0 0.23125 0.553125 0.22890625 0.0796875
0 0.43359375 0.36796875 0.21640625 0.0703125
0 0.24921875 0.353125 0.22734375 0.09375
0 0.421875 0.6578125 0.190625 0.084375
0 0.63125 0.390625 0.20546875 0.08359375
0 0.59140625 0.44765625 0.2421875 0.059375
0 0.61328125 0.65859375 0.20625 0.0953125