0 0.7707175925925926 0.23822916666666666 0.42303240740740744 0.19043981481481484
0 0.501273148148148 0.8560127314814814 0.40717592592592594 0.18708333333333335
0 0.7483217592592593 0.4138715277777778 0.4463541666666666 0.18922453703703698
0 0.7652199074074074 0.6080844907407407 0.39004629629629617 0.2086805555555557
0 0.5205729166666666 0.6904918981481482 0.4306712962962962 0.20928240740740733
0 0.14560185185185187 0.2475578703703704 0.29120370370370374 0.17324074074074075
0 0.46287615740740745 0.4769039351851852 0.33912037037037024 0.19543981481481473
0 0.767795138888889 0.8161631944444444 0.3578703703703702 0.19571759259259275
0 0.13796296296296295 0.7610358796296296 0.2759259259259259 0.19693287037037024
0 0.13504050925925926 0.5780497685185185 0.2700810185185185 0.1795370370370371
0 0.14450231481481482 0.37963541666666667 0.28900462962962964 0.20927083333333335