0 0.6930208333333333 0.2476851851851852 0.06999999999999992 0.20791666666666667
0 0.39958333333333335 0.2867881944444444 0.08302083333333332 0.23949074074074073
0 0.19375 0.29834490740740743 0.08843750000000003 0.2271759259259259
0 0.5428124999999999 0.26695023148148145 0.08656250000000014 0.19905092592592588
0 0.4614583333333334 0.4814409722222222 0.08791666666666664 0.19597222222222221
0 0.47098958333333335 0.27999421296296295 0.07697916666666664 0.21903935185185192
0 0.3326041666666667 0.3090451388888889 0.09645833333333335 0.23053240740740738
0 0.32999999999999996 0.4884548611111111 0.06083333333333325 0.1639814814814816
0 0.55234375 0.45145833333333335 0.12885416666666671 0.22525462962962967
0 0.6564062500000001 0.6214699074074075 0.0828125 0.23636574074074074
0 0.6533854166666666 0.44456597222222227 0.09562500000000007 0.21803240740740737
0 0.37567708333333333 0.46994791666666663 0.09229166666666674 0.16803240740740738
0 0.35546875 0.6444212962962963 0.15531249999999996 0.24787037037037046
0 0.2276041666666667 0.4454861111111111 0.13000000000000006 0.1722685185185185
0 0.5934895833333333 0.641267361111111 0.08833333333333329 0.20222222222222222
0 0.23812499999999998 0.697019675925926 0.1866666666666667 0.18018518518518506
0 0.4916145833333333 0.7074421296296297 0.059687500000000074 0.07662037037037024
0 0.23546874999999998 0.5146469907407407 0.20343750000000008 0.22122685185185187
0 0.6259375 0.25980902777777776 0.10791666666666658 0.21527777777777776
0 0.16104166666666667 0.7187962962962964 0.029270833333333357 0.08819444444444428
0 0.5016666666666667 0.5800520833333334 0.2107291666666667 0.33060185185185187
0 0.43984375 0.7003993055555556 0.05593749999999993 0.0905439814814816
0 0.27197916666666666 0.2827719907407407 0.12572916666666673 0.225162037037037