0 0.6056944444444444 0.771730324074074 0.13167824074074072 0.14363425925925916
0 0.4938888888888888 0.7558449074074074 0.1719444444444445 0.16539351851851833
0 0.5583217592592593 0.646267361111111 0.267789351851852 0.12528935185185192
0 0.37288773148148147 0.7497974537037037 0.165324074074074 0.15891203703703702
0 0.5562615740740741 0.5224826388888889 0.15134259259259258 0.13344907407407405
0 0.22917824074074072 0.7570023148148148 0.14914351851851854 0.14895833333333322
0 0.4449131944444445 0.5120949074074075 0.12027777777777775 0.1354166666666668
0 0.30914930555555553 0.636255787037037 0.3033564814814815 0.12037037037037042
0 0.3315393518518518 0.5094618055555555 0.13231481481481477 0.12806712962962977
0 0.5813136574074074 0.40361689814814816 0.1751504629629629 0.14056712962962958
0 0.2535648148148148 0.4776041666666667 0.13592592592592592 0.18900462962962958
0 0.404837962962963 0.4088252314814815 0.1517129629629629 0.13969907407407406
0 0.6208391203703704 0.5029513888888889 0.17056712962962967 0.1684606481481481