0 0.33671875 0.678125 0.26953125 0.12265625
0 0.275 0.41484375 0.20703125 0.2109375
0 0.57421875 0.69609375 0.196875 0.171875
0 0.66796875 0.22890625 0.29765625 0.065625
0 0.765625 0.6734375 0.1984375 0.190625
0 0.275 0.29609375 0.2078125 0.1
0 0.52265625 0.3515625 0.2375 0.20078125
0 0.74375 0.5453125 0.18359375 0.14609375
0 0.49375 0.23203125 0.24296875 0.0625
0 0.57265625 0.553125 0.23046875 0.16796875
0 0.29921875 0.59609375 0.153125 0.09296875
0 0.3828125 0.55546875 0.17578125 0.15625
0 0.7234375 0.396875 0.1609375 0.065625
0 0.28125 0.225 0.21484375 0.053125
0 0.615625 0.45 0.3328125 0.0703125
0 0.665625 0.334375 0.2953125 0.15546875
0 0.36328125 0.45078125 0.14921875 0.07265625
0 0.2828125 0.52578125 0.17890625 0.090625
0 0.33203125 0.75234375 0.23125 0.0828125
0 0.48515625 0.746875 0.18203125 0.09609375