0 0.7118576388888889 0.7936516203703704 0.05771990740740733 0.2013541666666665
0 0.4178587962962963 0.7448263888888889 0.0705324074074074 0.2441898148148148
0 0.21237847222222223 0.7326099537037037 0.07347222222222224 0.2193518518518518
0 0.4905555555555555 0.7540625000000001 0.07041666666666657 0.2285648148148148
0 0.5617361111111111 0.7694675925925927 0.07651620370370367 0.2085763888888888
0 0.48753472222222227 0.5571064814814815 0.07322916666666668 0.18653935185185197
0 0.3560011574074074 0.7228761574074074 0.0751504629629629 0.23505787037037038
0 0.35855902777777776 0.5410474537037037 0.05745370370370377 0.16541666666666668
0 0.2527141203703704 0.5902256944444444 0.1105555555555556 0.1650462962962962
0 0.28966435185185185 0.7288078703703704 0.1111689814814815 0.2478587962962962
0 0.5737094907407407 0.5935937499999999 0.11414351851851841 0.22770833333333335
0 0.4109143518518518 0.5453240740740741 0.0874189814814816 0.20445601851851852
0 0.6965914351851852 0.41956597222222225 0.08300925925925924 0.24171296296296294
0 0.6393287037037038 0.5962152777777778 0.09229166666666658 0.22969907407407408
0 0.39645833333333336 0.38604166666666667 0.1424074074074074 0.24791666666666662
0 0.639351851851852 0.38848379629629626 0.07795138888888893 0.19146990740740738
0 0.28438078703703706 0.3318113425925926 0.17942129629629627 0.18423611111111118
0 0.519537037037037 0.34400462962962963 0.11331018518518512 0.11520833333333336
0 0.5578935185185185 0.461574074074074 0.2085763888888888 0.3247569444444444
0 0.6484722222222222 0.7763078703703703 0.09847222222222225 0.22064814814814823
0 0.6931539351851852 0.5880729166666667 0.08611111111111107 0.23874999999999993
0 0.2724074074074074 0.5076851851851851 0.17980324074074075 0.23579861111111117