0 0.6881655092592592 0.5868055555555556 0.15812500000000007 0.26006944444444446
0 0.6667361111111111 0.3314236111111111 0.17964120370370368 0.21260416666666665
0 0.5286979166666667 0.2648784722222222 0.17018518518518527 0.20125
0 0.363917824074074 0.5973090277777778 0.1305902777777778 0.33850694444444435
0 0.21255787037037038 0.5258854166666667 0.22335648148148152 0.20986111111111114
0 0.2089525462962963 0.6721874999999999 0.19337962962962968 0.1694791666666667
0 0.5313483796296297 0.6226909722222222 0.15777777777777774 0.21319444444444446
0 0.5661631944444444 0.15302083333333333 0.24810185185185177 0.17659722222222224
0 0.5627951388888889 0.4368576388888889 0.21140046296296297 0.2827430555555555
0 0.3621585648148148 0.25430555555555556 0.12817129629629634 0.4336805555555556
0 0.20202546296296298 0.37005208333333334 0.22962962962962957 0.21326388888888886
0 0.18031828703703703 0.1826736111111111 0.21391203703703704 0.20006944444444447
0 0.518912037037037 0.4208333333333333 0.14660879629629625 0.18145833333333333