0 0.6006134259259259 0.8550636574074073 0.41587962962962965 0.19259259259259237
0 0.6590219907407407 0.7565972222222223 0.4820601851851851 0.20682870370370363
0 0.6168923611111111 0.5141493055555555 0.43324074074074054 0.17054398148148148
0 0.5916145833333333 0.6229166666666666 0.3833333333333334 0.16840277777777785
0 0.23890625000000001 0.4837962962962963 0.3583333333333333 0.16655092592592596
0 0.25171875 0.8237268518518519 0.3198148148148149 0.1465856481481481
0 0.23412037037037034 0.6042824074074075 0.41736111111111107 0.21759259259259273
0 0.2509895833333333 0.27989004629629627 0.3791898148148148 0.15098379629629638
0 0.6300868055555556 0.29149305555555555 0.4610879629629629 0.16793981481481488
0 0.26365740740740745 0.7414351851851853 0.33039351851851856 0.16759259259259257
0 0.2348611111111111 0.3799189814814815 0.38516203703703705 0.14675925925925917
0 0.6585358796296296 0.39403935185185185 0.48129629629629633 0.14143518518518522