0 0.6783506944444444 0.6535590277777777 0.27145833333333336 0.13182870370370364
0 0.7342187499999999 0.38799189814814816 0.2109375 0.21857638888888883
0 0.44125 0.680324074074074 0.20069444444444445 0.17916666666666678
0 0.3371180555555556 0.21660879629629629 0.29989583333333336 0.07667824074074074
0 0.24934027777777779 0.6647569444444444 0.2026736111111111 0.19797453703703702
0 0.7315798611111111 0.26924189814814814 0.21003472222222222 0.10769675925925926
0 0.48515625 0.3338831018518519 0.24194444444444443 0.20879629629629629
0 0.26836805555555554 0.5358217592592592 0.1876388888888889 0.15370370370370362
0 0.5114062500000001 0.21328125 0.24513888888888893 0.07152777777777777
0 0.43963541666666667 0.5372974537037036 0.23499999999999996 0.17731481481481487
0 0.7140277777777777 0.570138888888889 0.15520833333333323 0.09942129629629619
0 0.62953125 0.5326099537037037 0.17847222222222214 0.16273148148148148
0 0.2853819444444444 0.3866319444444445 0.16239583333333335 0.07158564814814809
0 0.72375 0.19837962962962963 0.2168055555555556 0.061111111111111074
0 0.394375 0.43576388888888895 0.334375 0.08263888888888893
0 0.3418055555555556 0.32199074074074074 0.29878472222222224 0.1671875
0 0.6467361111111111 0.42719907407407404 0.15159722222222224 0.07743055555555553
0 0.7288715277777778 0.49921875 0.18013888888888907 0.09722222222222214
0 0.6846875 0.7276041666666666 0.23309027777777783 0.09137731481481488
0 0.5314409722222223 0.727806712962963 0.18340277777777772 0.10358796296296298