0 0.1953125 0.721875 0.21953125 0.109375
0 0.21796875 0.4828125 0.28125 0.05546875
0 0.2234375 0.1625 0.265625 0.075
0 0.446875 0.5078125 0.25078125 0.103125
0 0.36796875 0.73359375 0.23125 0.1078125
0 0.6828125 0.19140625 0.2421875 0.08125
0 0.64921875 0.51875 0.2421875 0.08671875
0 0.60234375 0.74921875 0.2625 0.0859375
0 0.4609375 0.1890625 0.290625 0.1015625
0 0.45390625 0.27578125 0.23203125 0.08671875
0 0.4109375 0.6671875 0.22734375 0.09765625
0 0.66875 0.2734375 0.25390625 0.1046875
0 0.22109375 0.6453125 0.2609375 0.10703125
0 0.409375 0.4015625 0.25625 0.0984375
0 0.23203125 0.2453125 0.271875 0.09140625
0 0.6390625 0.6671875 0.24453125 0.1046875
0 0.20859375 0.54765625 0.2671875 0.0890625
0 0.42109375 0.575 0.20390625 0.096875
0 0.440625 0.3375 0.23515625 0.0796875
0 0.221875 0.40078125 0.26484375 0.0921875
0 0.2234375 0.3171875 0.2625 0.10703125
0 0.6265625 0.42890625 0.26015625 0.0703125
0 0.640625 0.5828125 0.24296875 0.090625
0 0.66640625 0.36328125 0.234375 0.09453125