0 0.21640625 0.18671875 0.2234375 0.0671875
0 0.43359375 0.20703125 0.2234375 0.08828125
0 0.6296875 0.2 0.21953125 0.06875
0 0.221875 0.259375 0.24765625 0.090625
0 0.434375 0.2828125 0.23984375 0.10078125
0 0.628125 0.2734375 0.2171875 0.1015625
0 0.62734375 0.3609375 0.2046875 0.09375
0 0.42890625 0.3390625 0.2234375 0.0875
0 0.21328125 0.32578125 0.240625 0.096875
0 0.22265625 0.39765625 0.23203125 0.0875
0 0.4046875 0.4 0.259375 0.109375
0 0.5859375 0.42421875 0.2640625 0.0703125
0 0.2140625 0.4796875 0.24375 0.075
0 0.42578125 0.496875 0.215625 0.08125
0 0.62421875 0.5046875 0.1953125 0.08984375
0 0.21953125 0.5375 0.23125 0.08671875
0 0.41640625 0.5515625 0.2046875 0.09765625
0 0.609375 0.55625 0.234375 0.084375
0 0.609375 0.63515625 0.21640625 0.0984375
0 0.43984375 0.63046875 0.203125 0.0859375
0 0.23515625 0.6109375 0.24375 0.08828125
0 0.2125 0.684375 0.1984375 0.0953125
0 0.37109375 0.6984375 0.240625 0.096875
0 0.5859375 0.70625 0.27734375 0.08125