0 0.3470659722222222 0.4719849537037037 0.24340277777777786 0.10622685185185184
0 0.31343171296296296 0.8111226851851854 0.24937499999999996 0.0971759259259258
0 0.5634780092592593 0.8256481481481481 0.27185185185185184 0.11862268518518526
0 0.7877719907407407 0.8661400462962963 0.2835648148148149 0.09270833333333357
0 0.8121412037037038 0.293287037037037 0.23173611111111114 0.1337037037037037
0 0.3250173611111111 0.7282581018518519 0.27033564814814814 0.12010416666666668
0 0.5868518518518518 0.4298148148148148 0.21716435185185184 0.115787037037037
0 0.5718460648148148 0.7394965277777777 0.2401851851851852 0.10293981481481485
0 0.35380787037037037 0.4099305555555556 0.25135416666666666 0.11131944444444439
0 0.3954050925925926 0.23423611111111114 0.2778240740740741 0.10957175925925924
0 0.5632002314814815 0.5003530092592593 0.26504629629629617 0.0995486111111111
0 0.6184953703703704 0.3394097222222222 0.26252314814814814 0.11969907407407412
0 0.7977025462962963 0.46414930555555556 0.27640046296296283 0.11417824074074083
0 0.7882696759259259 0.6196701388888889 0.2826504629629628 0.1145023148148148
0 0.7872743055555554 0.375462962962963 0.2719444444444445 0.12174768518518526
0 0.5828819444444445 0.6644039351851851 0.2428009259259259 0.08591435185185184
0 0.7843518518518519 0.7770370370370371 0.2777314814814815 0.10644675925925924
0 0.355787037037037 0.31876736111111115 0.2500231481481482 0.11905092592592599
0 0.7925405092592592 0.7111574074074074 0.26224537037037016 0.11032407407407412
0 0.38814814814814813 0.5685011574074074 0.27887731481481487 0.09246527777777783
0 0.5930497685185185 0.6126678240740742 0.2749305555555555 0.11722222222222207
0 0.31982638888888887 0.6320428240740741 0.24037037037037035 0.10918981481481485
0 0.6370486111111111 0.28108796296296296 0.24607638888888897 0.14380787037037032
0 0.8044965277777777 0.5354861111111111 0.3052546296296299 0.08759259259259267