0 0.86328125 0.278125 0.0765625 0.25234375
0 0.7453125 0.50859375 0.08203125 0.25625
0 0.83125 0.50078125 0.10078125 0.2484375
0 0.6796875 0.4984375 0.07109375 0.2609375
0 0.70546875 0.27890625 0.0984375 0.26015625
0 0.33828125 0.48828125 0.09765625 0.23125
0 0.496875 0.49375 0.08046875 0.23671875
0 0.7796875 0.28515625 0.10234375 0.2734375
0 0.44140625 0.48046875 0.10390625 0.240625
0 0.61640625 0.2703125 0.09765625 0.2734375
0 0.61171875 0.48046875 0.11171875 0.29453125
0 0.5203125 0.2609375 0.075 0.28359375
0 0.8390625 0.7453125 0.0703125 0.25859375
0 0.7484375 0.7421875 0.11484375 0.26953125
0 0.46484375 0.253125 0.10390625 0.265625
0 0.24765625 0.6484375 0.0921875 0.2765625
0 0.37421875 0.26640625 0.1046875 0.26640625
0 0.334375 0.71015625 0.096875 0.2453125
0 0.65 0.7375 0.09375 0.26171875
0 0.58515625 0.71171875 0.075 0.271875
0 0.27578125 0.396875 0.10390625 0.23984375
0 0.28984375 0.23359375 0.11875 0.234375
0 0.425 0.70078125 0.1 0.275
0 0.48828125 0.7234375 0.09609375 0.25625