0 0.3015625 0.66484375 0.24375 0.11953125
0 0.246875 0.40625 0.2078125 0.20546875
0 0.54921875 0.6828125 0.1890625 0.1671875
0 0.7328125 0.6609375 0.18515625 0.1875
0 0.45390625 0.6890625 0.1765625 0.125
0 0.24375 0.2859375 0.20546875 0.0984375
0 0.48203125 0.3375 0.25078125 0.19453125
0 0.7078125 0.5359375 0.171875 0.140625
0 0.30625 0.740625 0.2234375 0.0796875
0 0.53671875 0.553125 0.234375 0.18125
0 0.35234375 0.5484375 0.18046875 0.16015625
0 0.68984375 0.38671875 0.15546875 0.06796875
0 0.4703125 0.225 0.24609375 0.0671875
0 0.6921875 0.43984375 0.14453125 0.053125
0 0.271875 0.59375 0.14453125 0.09140625
0 0.25234375 0.2171875 0.2109375 0.0515625
0 0.63515625 0.31328125 0.30703125 0.153125
0 0.65703125 0.225 0.25546875 0.0546875
0 0.2515625 0.52265625 0.16328125 0.09140625