0 0.45390625 0.3092766203703704 0.096875 0.24877314814814805
0 0.70859375 0.27497685185185183 0.109375 0.2728587962962964
0 0.25 0.7932870370370371 0.1234375 0.2407754629629629
0 0.39921875 0.5425810185185185 0.1078125 0.23684027777777777
0 0.79453125 0.2650520833333333 0.0875 0.2576620370370371
0 0.70625 0.5040046296296297 0.090625 0.2359490740740741
0 0.82265625 0.7276562500000001 0.078125 0.27905092592592595
0 0.753125 0.7296990740740741 0.0875 0.2857870370370371
0 0.79453125 0.49473958333333334 0.1015625 0.2802662037037038
0 0.21171875 0.37574074074074076 0.09375 0.27361111111111114
0 0.46484375 0.5235532407407407 0.09375 0.2657986111111111
0 0.3921875 0.32732060185185186 0.1 0.2583101851851852
0 0.30078125 0.3265914351851852 0.109375 0.25567129629629626
0 0.66015625 0.7384259259259259 0.103125 0.2740972222222222
0 0.4265625 0.7716319444444444 0.09375 0.27673611111111107
0 0.63828125 0.5176851851851852 0.096875 0.26752314814814826
0 0.57890625 0.7465451388888888 0.096875 0.28158564814814824
0 0.48359375 0.7616435185185185 0.05625 0.2872916666666665
0 0.5484375 0.34109375000000003 0.0765625 0.28834490740740737
0 0.33359375 0.7670775462962963 0.109375 0.2681712962962962
0 0.30234375 0.5405729166666667 0.10625 0.24300925925925937
0 0.2265625 0.6187210648148149 0.109375 0.2244212962962962
0 0.578125 0.5387731481481481 0.10625 0.29300925925925936
0 0.62265625 0.2872453703703704 0.096875 0.25346064814814817