0 0.7145138888888889 0.3435069444444444 0.31423611111111105 0.166863425925926
0 0.7158333333333333 0.26244212962962965 0.3030555555555555 0.1552777777777778
0 0.37515625 0.5559027777777777 0.4171875 0.16516203703703702
0 0.37480902777777775 0.22428819444444445 0.3907291666666667 0.16827546296296295
0 0.7367881944444445 0.7840914351851852 0.35756944444444444 0.15070601851851856
0 0.7586805555555556 0.47017939814814813 0.3605555555555554 0.21486111111111122
0 0.7178819444444444 0.6003993055555555 0.33083333333333337 0.14131944444444447
0 0.38546875 0.4582060185185185 0.3499305555555556 0.15805555555555556
0 0.7464062499999999 0.6902546296296297 0.37736111111111104 0.12847222222222215
0 0.3215972222222222 0.32256365740740744 0.4739583333333333 0.19193287037037035
0 0.3754861111111111 0.7814062500000001 0.43871527777777775 0.1508333333333333
0 0.33619791666666665 0.663605324074074 0.46812499999999996 0.14009259259259252