0 0.3579456018518518 0.4921585648148148 0.24562499999999998 0.10219907407407405
0 0.8292650462962964 0.659693287037037 0.2355324074074076 0.1418981481481481
0 0.5927141203703703 0.5344039351851851 0.21493055555555554 0.10925925925925917
0 0.32589699074074074 0.24265046296296297 0.26741898148148147 0.12870370370370363
0 0.31919560185185186 0.1560474537037037 0.24875000000000008 0.10243055555555554
0 0.7747916666666667 0.09797453703703703 0.28119212962962975 0.09861111111111112
0 0.5690972222222223 0.22855902777777776 0.2397453703703704 0.10798611111111116
0 0.5420370370370371 0.14267939814814815 0.265486111111111 0.12233796296296298
0 0.6050694444444444 0.623726851851852 0.221550925925926 0.11597222222222214
0 0.5849189814814815 0.469068287037037 0.21023148148148146 0.08246527777777786
0 0.37359953703703697 0.5576967592592592 0.25537037037037036 0.10914351851851851
0 0.4244097222222222 0.7265625 0.26768518518518525 0.10694444444444447
0 0.7742766203703704 0.18197337962962962 0.2774305555555555 0.11388888888888889
0 0.6687962962962963 0.6927662037037037 0.22817129629629634 0.12268518518518512
0 0.33576967592592594 0.32980324074074074 0.24636574074074077 0.11469907407407405
0 0.8097453703703703 0.5818865740740741 0.25270833333333337 0.11672453703703703
0 0.7975 0.42821180555555555 0.2908333333333335 0.07754629629629636
0 0.784693287037037 0.2518229166666667 0.27182870370370366 0.12436342592592595
0 0.37722222222222224 0.6453125 0.2500462962962963 0.12430555555555553
0 0.7878125 0.3441840277777778 0.28368055555555555 0.1143518518518519
0 0.8090624999999999 0.49091435185185184 0.27384259259259236 0.10584490740740744
0 0.5924074074074074 0.3570891203703703 0.28092592592592586 0.12037037037037042
0 0.382494212962963 0.40324074074074073 0.2728240740740741 0.08865740740740743
0 0.5677025462962962 0.2977141203703703 0.274861111111111 0.12303240740740744