0 0.9024479166666666 0.6920138888888889 0.10572916666666643 0.25131944444444443
0 0.8269270833333333 0.697042824074074 0.11781250000000014 0.26866898148148144
0 0.77375 0.47417245370370364 0.10208333333333322 0.2668749999999999
0 0.85625 0.4682581018518518 0.12510416666666657 0.26097222222222227
0 0.7561458333333333 0.24530092592592592 0.11541666666666668 0.27956018518518516
0 0.5311458333333333 0.4949710648148148 0.10104166666666661 0.2512499999999999
0 0.42093749999999996 0.7304282407407408 0.12843750000000007 0.2641435185185184
0 0.7615624999999999 0.7019212962962963 0.11906250000000007 0.26400462962962956
0 0.8425 0.22681712962962966 0.10479166666666657 0.26067129629629626
0 0.6591666666666667 0.714386574074074 0.11645833333333329 0.27177083333333324
0 0.5126041666666666 0.732980324074074 0.11906250000000007 0.26400462962962956
0 0.3759895833333333 0.5019618055555556 0.115625 0.23585648148148158
0 0.63875 0.5019791666666666 0.12270833333333328 0.29527777777777775
0 0.594375 0.28210648148148143 0.09177083333333336 0.27608796296296295
0 0.4666666666666666 0.5131307870370371 0.12770833333333337 0.22979166666666656
0 0.6657291666666667 0.2497685185185185 0.10479166666666657 0.26067129629629626
0 0.4415104166666667 0.28828125 0.11968750000000003 0.2733796296296296
0 0.5700000000000001 0.7258738425925926 0.09197916666666668 0.27921296296296294
0 0.3406770833333333 0.7582060185185184 0.1375 0.23618055555555556
0 0.3122916666666667 0.56703125 0.12447916666666661 0.2047685185185184
0 0.35 0.2880729166666667 0.12468749999999992 0.25472222222222224
0 0.2680208333333333 0.3487210648148148 0.11031250000000004 0.2966550925925926
0 0.4969270833333333 0.2632175925925926 0.11333333333333329 0.24831018518518516
0 0.7089062500000001 0.48686342592592596 0.11687499999999992 0.2546064814814814