0 0.7853009259259259 0.8252604166666668 0.22337962962962976 0.07222222222222215
0 0.7773148148148149 0.7594965277777778 0.240625 0.09479166666666679
0 0.39739583333333334 0.7815451388888889 0.21938657407407414 0.081388888888889
0 0.5967881944444444 0.7927430555555556 0.222337962962963 0.10020833333333332
0 0.39681712962962956 0.7106597222222222 0.22858796296296297 0.10048611111111114
0 0.7753472222222222 0.6908854166666666 0.23506944444444447 0.10388888888888878
0 0.5864872685185185 0.7167534722222222 0.22743055555555552 0.08486111111111114
0 0.5818865740740741 0.5179861111111111 0.21359953703703702 0.08736111111111118
0 0.7812789351851851 0.48713541666666665 0.23483796296296297 0.10076388888888879
0 0.4033564814814815 0.4415277777777778 0.22141203703703702 0.08770833333333332
0 0.782494212962963 0.5455902777777778 0.2319444444444443 0.061701388888888785
0 0.5937789351851851 0.45777777777777773 0.20144675925925917 0.09149305555555554
0 0.587644675925926 0.6693055555555556 0.22048611111111108 0.07520833333333332
0 0.7786747685185185 0.6201736111111111 0.234375 0.09451388888888879
0 0.7653356481481481 0.40855902777777775 0.23217592592592595 0.10687500000000014
0 0.3948784722222222 0.6319270833333334 0.2107060185185185 0.09034722222222218
0 0.4296585648148149 0.5758506944444445 0.24189814814814808 0.06993055555555543
0 0.5841435185185185 0.38026041666666666 0.2046875 0.09319444444444436
0 0.39623842592592595 0.4926041666666666 0.2153935185185185 0.0905555555555555
0 0.39719328703703705 0.3688368055555556 0.22100694444444446 0.1032638888888889
0 0.6046875 0.6155555555555555 0.24890046296296298 0.10138888888888893
0 0.4317708333333333 0.29951388888888886 0.24328703703703702 0.08868055555555561
0 0.6299189814814815 0.3254513888888889 0.19780092592592596 0.10534722222222222
0 0.784693287037037 0.34401041666666665 0.20115740740740762 0.10861111111111113