0 0.29609375 0.7111631944444444 0.16739583333333333 0.052430555555555536
0 0.5895833333333333 0.6911747685185186 0.16270833333333332 0.05236111111111121
0 0.5876041666666667 0.6380266203703704 0.17156249999999992 0.06810185185185187
0 0.4419270833333333 0.48221643518518514 0.16312499999999996 0.05861111111111121
0 0.44744791666666667 0.6354108796296296 0.1851041666666667 0.06049768518518519
0 0.3026041666666667 0.6563252314814815 0.18552083333333336 0.06674768518518519
0 0.28197916666666667 0.4877141203703704 0.18083333333333335 0.04326388888888886
0 0.5845833333333333 0.5809837962962963 0.15739583333333335 0.06633101851851855
0 0.44651041666666663 0.6917303240740742 0.17624999999999993 0.06817129629629619
0 0.44046874999999996 0.5893750000000001 0.17541666666666664 0.05567129629629619
0 0.29552083333333334 0.6087268518518518 0.18291666666666667 0.07451388888888885
0 0.5783333333333334 0.47550347222222217 0.1570833333333333 0.06164351851851855
0 0.5646354166666667 0.43425925925925923 0.1666666666666668 0.06490740740740737
0 0.55171875 0.5337673611111111 0.18583333333333343 0.04802083333333336
0 0.5711458333333332 0.3794212962962963 0.16083333333333344 0.07106481481481479
0 0.42609375 0.43240162037037033 0.16343750000000004 0.06329861111111121
0 0.4317708333333334 0.37679398148148147 0.1588541666666668 0.06479166666666672
0 0.28265624999999994 0.45094907407407414 0.1820833333333333 0.062013888888888855
0 0.39135416666666667 0.33359953703703704 0.15458333333333335 0.07097222222222221
0 0.28875 0.3898611111111111 0.1796875 0.07290509259259252
0 0.53625 0.3251967592592592 0.18322916666666664 0.055787037037037024
0 0.29380208333333335 0.5477546296296296 0.18250000000000002 0.06826388888888886
0 0.26635416666666667 0.33545138888888887 0.15145833333333333 0.07092592592592588
0 0.42770833333333336 0.5504629629629629 0.20145833333333343 0.07166666666666668