0 0.8157233796296296 0.7278414351851852 0.24152777777777779 0.2859490740740739
0 0.6461342592592592 0.29945601851851855 0.24630787037037044 0.2924768518518519
0 0.7185879629629629 0.47577546296296297 0.3743287037037037 0.187662037037037
0 0.3502719907407407 0.6885300925925926 0.20631944444444442 0.22766203703703702
0 0.433761574074074 0.2782696759259259 0.2397337962962963 0.2702314814814815
0 0.5364988425925926 0.6800173611111111 0.18432870370370366 0.21855324074074076
0 0.8003414351851852 0.2882638888888889 0.21774305555555565 0.26112268518518517
0 0.32222800925925926 0.4702719907407408 0.4833101851851852 0.16758101851851848
0 0.22948495370370373 0.7134317129629629 0.19945601851851852 0.29126157407407405
0 0.7703356481481481 0.8753443287037037 0.3069444444444443 0.24931134259259266
0 0.21424189814814815 0.26447916666666665 0.23159722222222223 0.24789351851851854
0 0.7328356481481482 0.6752314814814815 0.24370370370370367 0.22207175925925923
0 0.45986111111111116 0.8389004629629628 0.21723379629629633 0.22674768518518534