0 0.2265625 0.7493923611111111 0.27375 0.06357638888888886
0 0.40776041666666674 0.7304340277777778 0.2633333333333333 0.07090277777777772
0 0.59984375 0.7234548611111111 0.2663541666666667 0.06947916666666672
0 0.20656249999999998 0.6755034722222222 0.24145833333333327 0.11666666666666678
0 0.43005208333333333 0.6063715277777778 0.3127083333333333 0.2039583333333333
0 0.5803645833333333 0.6183854166666667 0.31625 0.1636111111111111
0 0.6440625000000001 0.5625868055555555 0.17177083333333343 0.07618055555555543
0 0.3291666666666667 0.5773611111111111 0.10291666666666668 0.0949305555555556
0 0.30083333333333334 0.5233159722222223 0.15458333333333335 0.07541666666666665
0 0.2053125 0.5540451388888888 0.21375000000000002 0.23850694444444437
0 0.5599479166666667 0.5156944444444445 0.38031249999999994 0.09635416666666678
0 0.28598958333333335 0.231875 0.2489583333333333 0.08895833333333333
0 0.4340104166666666 0.2665798611111111 0.1942708333333334 0.1332638888888889
0 0.5335416666666667 0.26916666666666667 0.2229166666666668 0.1656944444444445
0 0.7095312500000001 0.2815972222222222 0.2078125 0.19618055555555552
0 0.6714062500000001 0.40947916666666667 0.19520833333333343 0.1706944444444444
0 0.49906249999999996 0.40078125 0.2760416666666668 0.21479166666666671
0 0.32776041666666667 0.41151041666666666 0.18822916666666673 0.18284722222222224
0 0.24026041666666664 0.3803472222222222 0.14281249999999995 0.10916666666666668
0 0.3238020833333334 0.3073090277777778 0.33812499999999995 0.11784722222222221