0 0.8198206018518519 0.39026041666666667 0.190486111111111 0.4247916666666667
0 0.8134606481481482 0.7511979166666667 0.1595949074074074 0.3415624999999999
0 0.7064756944444445 0.3257291666666667 0.1806597222222223 0.4990625000000001
0 0.4760474537037037 0.36578125000000006 0.15 0.43145833333333333
0 0.5816435185185185 0.38140625000000006 0.1458333333333332 0.3609375
0 0.5976215277777778 0.7750520833333334 0.19053240740740734 0.42791666666666667
0 0.45960069444444446 0.7307291666666667 0.13629629629629622 0.34937500000000005
0 0.27502314814814816 0.7574479166666667 0.13694444444444445 0.3931250000000002
0 0.3678414351851852 0.7534895833333334 0.1243981481481482 0.38916666666666655
0 0.24408564814814815 0.355 0.15062499999999995 0.4736458333333333
0 0.3653472222222222 0.32171875 0.10862268518518521 0.4833333333333333
0 0.7133564814814815 0.7375 0.2127893518518519 0.3497916666666665