0 0.2930844907407407 0.5189236111111111 0.15569444444444444 0.409513888888889
0 0.5817245370370371 0.5710243055555555 0.14684027777777775 0.2686805555555555
0 0.44229166666666664 0.5647048611111111 0.2578472222222222 0.38128472222222226
0 0.5034722222222222 0.30618055555555557 0.16292824074074072 0.285
0 0.7675983796296297 0.48140625000000004 0.20266203703703703 0.4147222222222222
0 0.6447916666666667 0.3233680555555556 0.16292824074074072 0.285
0 0.3462037037037037 0.27875 0.13737268518518525 0.2651388888888889
0 0.7762210648148148 0.29718750000000005 0.14503472222222236 0.20774305555555558
0 0.43412615740740745 0.42112847222222227 0.16306712962962955 0.07902777777777778
0 0.8287326388888889 0.5381423611111111 0.08094907407407419 0.3094444444444445
0 0.7189236111111111 0.5547569444444445 0.2005208333333334 0.2897916666666667