0 0.68828125 0.26953125 0.328125 0.1609375
0 0.72265625 0.734375 0.3984375 0.15625
0 0.340625 0.53203125 0.4265625 0.1453125
0 0.7171875 0.41328125 0.384375 0.20390625
0 0.32265625 0.17890625 0.40703125 0.16015625
0 0.35234375 0.421875 0.371875 0.1421875
0 0.27578125 0.2875 0.4921875 0.17734375
0 0.740625 0.64375 0.3828125 0.1109375
0 0.69140625 0.19453125 0.321875 0.14453125
0 0.2953125 0.65 0.48046875 0.12109375
0 0.340625 0.7703125 0.46171875 0.11875
0 0.69921875 0.5421875 0.39140625 0.128125