0 0.8162673611111112 0.3088599537037037 0.24555555555555558 0.27539351851851845
0 0.6281018518518519 0.7294328703703703 0.2504282407407407 0.281712962962963
0 0.7081944444444443 0.5564467592592592 0.3767824074074074 0.17113425925925937
0 0.3502951388888889 0.3274768518518519 0.2110763888888889 0.21865740740740733
0 0.4153472222222222 0.7411747685185185 0.2435300925925926 0.2597453703703703
0 0.5356539351851852 0.3442534722222222 0.18740740740740733 0.2104976851851852
0 0.7814062500000001 0.7474652777777777 0.21986111111111092 0.25158564814814816
0 0.31263310185185184 0.5443460648148148 0.48537037037037034 0.14619212962962963
0 0.23093171296296297 0.2972280092592593 0.20359953703703706 0.2825810185185185
0 0.7781365740740741 0.1462152777777778 0.31076388888888895 0.26230324074074074
0 0.19579282407407406 0.7452083333333334 0.23506944444444447 0.23775462962962965
0 0.7312615740740741 0.3577546296296297 0.24678240740740734 0.2113773148148148
0 0.46627314814814813 0.18207175925925928 0.22040509259259267 0.2172337962962963