0 0.2265625 0.13515625 0.26796875 0.09375
0 0.47109375 0.1640625 0.28828125 0.10859375
0 0.48671875 0.2578125 0.2546875 0.09453125
0 0.47578125 0.50625 0.2578125 0.10703125
0 0.45 0.578125 0.23828125 0.103125
0 0.4578125 0.678125 0.26953125 0.10625
0 0.38984375 0.74375 0.2515625 0.1125
0 0.21328125 0.734375 0.240625 0.11796875
0 0.72421875 0.25390625 0.27890625 0.11796875
0 0.7234375 0.1640625 0.2609375 0.0921875
0 0.23828125 0.65625 0.28046875 0.1140625
0 0.47578125 0.32265625 0.2578125 0.0828125
0 0.63515625 0.77109375 0.28359375 0.09453125
0 0.72421875 0.3515625 0.25078125 0.1046875
0 0.68125 0.5890625 0.26796875 0.0984375
0 0.225 0.5515625 0.2859375 0.09453125
0 0.2375 0.30390625 0.26796875 0.10625
0 0.24296875 0.21953125 0.30078125 0.1
0 0.23046875 0.48671875 0.2984375 0.05546875
0 0.659375 0.4234375 0.29609375 0.07578125
0 0.68046875 0.68046875 0.26015625 0.1109375
0 0.23359375 0.396875 0.2875 0.0953125
0 0.43203125 0.3921875 0.27109375 0.1
0 0.715625 0.52265625 0.24609375 0.1171875