0 0.3737384259259259 0.8081886574074074 0.43931712962962965 0.1784143518518519
0 0.31196759259259255 0.6866319444444444 0.5242592592592593 0.21741898148148148
0 0.7302256944444444 0.7333043981481482 0.3410648148148148 0.1778935185185185
0 0.3487210648148148 0.4517939814814815 0.4492361111111111 0.16163194444444445
0 0.7094733796296296 0.462037037037037 0.38645833333333324 0.1546296296296296
0 0.7324652777777778 0.6000868055555555 0.42067129629629624 0.20578703703703702
0 0.7321354166666667 0.2656539351851852 0.34574074074074074 0.1515625
0 0.3872337962962963 0.5623553240740741 0.40070601851851856 0.15827546296296297
0 0.3540914351851852 0.22670717592592596 0.4961111111111111 0.16336805555555553
0 0.7299247685185185 0.35989583333333336 0.36016203703703714 0.13182870370370373
0 0.3185300925925926 0.35011574074074076 0.49398148148148147 0.12743055555555555
0 0.7356828703703704 0.8122395833333333 0.33398148148148155 0.16359953703703703