0 0.7499710648148148 0.7271354166666667 0.16398148148148142 0.053611111111111144
0 0.6020138888888888 0.7136979166666666 0.16439814814814824 0.06767361111111114
0 0.4567013888888889 0.71046875 0.16416666666666657 0.05986111111111114
0 0.7431828703703705 0.6824826388888889 0.17510416666666656 0.060104166666666715
0 0.6020023148148148 0.6606076388888888 0.16766203703703705 0.07243055555555564
0 0.45533564814814814 0.6643749999999999 0.1644444444444444 0.06923611111111114
0 0.7392650462962963 0.6293055555555556 0.18958333333333338 0.07447916666666679
0 0.5968692129629629 0.6191145833333334 0.1659143518518519 0.06614583333333321
0 0.4488657407407407 0.6041145833333333 0.14891203703703706 0.072013888888889
0 0.739207175925926 0.5746527777777779 0.1767129629629629 0.061701388888888785
0 0.6088310185185185 0.5748784722222222 0.19261574074074073 0.0714236111111111
0 0.47640625 0.5586631944444445 0.17951388888888892 0.050833333333333286
0 0.46335648148148145 0.3553819444444445 0.1953240740740741 0.05743055555555561
0 0.622800925925926 0.36126736111111113 0.17074074074074072 0.07093749999999996
0 0.733738425925926 0.3637326388888889 0.1520370370370369 0.07208333333333332
0 0.7251331018518519 0.41585069444444445 0.17524305555555558 0.06479166666666672
0 0.5740046296296296 0.40078125 0.14872685185185192 0.06576388888888882
0 0.4393344907407407 0.4141840277777778 0.17377314814814823 0.06788194444444447
0 0.44362847222222224 0.5064062500000001 0.14555555555555558 0.0641319444444445
0 0.4484664351851852 0.45888888888888885 0.16743055555555558 0.06461805555555564
0 0.5906076388888889 0.4604861111111111 0.1503819444444444 0.06892361111111107
0 0.7417592592592592 0.47633680555555563 0.16743055555555558 0.06461805555555564
0 0.7390104166666667 0.5153125 0.17638888888888893 0.05076388888888879
0 0.5849189814814815 0.505642361111111 0.13912037037037042 0.0577430555555555