0 0.459375 0.68125 0.10234375 0.25234375
0 0.30859375 0.6640625 0.10390625 0.24921875
0 0.759375 0.25703125 0.09140625 0.271875
0 0.25234375 0.38828125 0.11171875 0.2125
0 0.8328125 0.259375 0.07890625 0.25078125
0 0.71796875 0.7125 0.1015625 0.27421875
0 0.61796875 0.70390625 0.096875 0.25859375
0 0.22109375 0.60390625 0.0921875 0.28828125
0 0.47890625 0.46015625 0.0921875 0.24765625
0 0.80390625 0.48359375 0.10546875 0.253125
0 0.5890625 0.240625 0.09375 0.26875
0 0.31875 0.44609375 0.10234375 0.23671875
0 0.59140625 0.44921875 0.09375 0.29140625
0 0.41484375 0.43984375 0.1109375 0.23515625
0 0.79921875 0.72109375 0.0859375 0.26171875
0 0.2734375 0.19453125 0.1234375 0.2328125
0 0.50703125 0.23046875 0.07265625 0.28359375
0 0.44375 0.21953125 0.11015625 0.26484375
0 0.40078125 0.6625 0.1 0.2640625
0 0.71796875 0.4796875 0.08046875 0.2671875
0 0.5515625 0.6515625 0.07421875 0.290625
0 0.3515625 0.22578125 0.1078125 0.265625
0 0.64609375 0.46953125 0.078125 0.26796875
0 0.684375 0.24921875 0.12265625 0.25546875