0 0.7366145833333333 0.3404224537037037 0.15865740740740736 0.3331018518518519
0 0.26678819444444446 0.2762326388888889 0.1372685185185185 0.3975925925925926
0 0.3660763888888889 0.29075231481481484 0.12467592592592584 0.3844444444444445
0 0.47913194444444435 0.6878703703703704 0.14386574074074082 0.4447916666666668
0 0.826851851851852 0.7144907407407407 0.1654976851851849 0.41311342592592587
0 0.5964872685185185 0.2948900462962963 0.19837962962962977 0.42418981481481477
0 0.45535300925925926 0.3242766203703703 0.12740740740740736 0.3314814814814815
0 0.7193981481481482 0.7553472222222222 0.175462962962963 0.48930555555555555
0 0.5883043981481482 0.6661979166666667 0.14655092592592603 0.3855787037037036
0 0.37702546296296297 0.7145949074074075 0.10821759259259256 0.4819907407407406
0 0.2540046296296296 0.6590162037037037 0.14090277777777782 0.46650462962962963
0 0.8264409722222222 0.34273726851851855 0.12108796296296305 0.32178240740740743