0 0.2145138888888889 0.23515625 0.062407407407407425 0.20644675925925923
0 0.22723958333333333 0.4082928240740741 0.06987268518518519 0.18324074074074073
0 0.22592592592592595 0.5834085648148148 0.07162037037037035 0.19578703703703706
0 0.28609375 0.5824074074074075 0.07945601851851851 0.19758101851851856
0 0.29149884259259257 0.41967592592592595 0.08395833333333336 0.18521990740740737
0 0.2733622685185185 0.2506076388888889 0.08122685185185183 0.2116898148148148
0 0.3533854166666667 0.5874479166666667 0.07456018518518519 0.18337962962962956
0 0.34458912037037037 0.41575810185185186 0.07166666666666668 0.19891203703703705
0 0.3270949074074074 0.23729166666666668 0.08556712962962969 0.1883912037037037
0 0.39603009259259253 0.24775462962962963 0.07479166666666667 0.19900462962962964
0 0.40440393518518525 0.5492013888888889 0.0625694444444445 0.21738425925925925
0 0.3959201388888889 0.398605324074074 0.07980324074074074 0.22101851851851856
0 0.46236689814814813 0.24109953703703701 0.056064814814814845 0.20001157407407408
0 0.4680960648148148 0.4167881944444445 0.06203703703703702 0.18144675925925924
0 0.47450231481481475 0.5854224537037037 0.07446759259259253 0.17712962962962955
0 0.5227546296296296 0.5714872685185185 0.07152777777777786 0.1895370370370369
0 0.5242881944444445 0.41121527777777783 0.07763888888888885 0.18034722222222221
0 0.5140335648148149 0.24660300925925926 0.08421296296296284 0.20240740740740737
0 0.5720543981481481 0.2589525462962963 0.08101851851851852 0.1976273148148148
0 0.5855613425925925 0.43206597222222226 0.07435185185185186 0.16931712962962955
0 0.5845775462962963 0.5766898148148147 0.08083333333333335 0.18512731481481487
0 0.6411805555555555 0.54609375 0.06403935185185183 0.21118055555555557
0 0.6377372685185185 0.3664293981481482 0.07773148148148153 0.18659722222222222
0 0.6343576388888889 0.24381944444444445 0.07451388888888885 0.18025462962962963