0 0.85546875 0.2953125 0.0890625 0.24921875
0 0.7796875 0.29140625 0.09921875 0.2671875
0 0.74140625 0.51484375 0.08359375 0.265625
0 0.82421875 0.51953125 0.1078125 0.259375
0 0.7390625 0.74375 0.09609375 0.27890625
0 0.49765625 0.49765625 0.084375 0.24921875
0 0.371875 0.2640625 0.1109375 0.2625
0 0.7140625 0.2875 0.1015625 0.26171875
0 0.8265625 0.7609375 0.0875 0.259375
0 0.6109375 0.2765625 0.0984375 0.2703125
0 0.46328125 0.26015625 0.10078125 0.26328125
0 0.3421875 0.49296875 0.1 0.23515625
0 0.6046875 0.4890625 0.10234375 0.29375
0 0.575 0.709375 0.0734375 0.27421875
0 0.43203125 0.48046875 0.1125 0.22890625
0 0.6484375 0.740625 0.08671875 0.259375
0 0.421875 0.70546875 0.1015625 0.271875
0 0.52109375 0.26640625 0.07265625 0.27734375
0 0.28984375 0.2375 0.121875 0.23515625
0 0.27421875 0.42890625 0.1109375 0.203125
0 0.33046875 0.70703125 0.10703125 0.25390625
0 0.24453125 0.64765625 0.090625 0.2953125
0 0.47890625 0.7296875 0.096875 0.24765625
0 0.67578125 0.503125 0.09921875 0.25390625