0 0.5599131944444444 0.32592592592592595 0.10600694444444443 0.24415509259259255
0 0.22784722222222223 0.5487268518518518 0.11527777777777777 0.2772569444444445
0 0.3148090277777778 0.5509837962962963 0.10479166666666666 0.25190972222222213
0 0.7819097222222222 0.7958333333333333 0.13534722222222229 0.23744212962962957
0 0.6269270833333334 0.5660300925925925 0.11270833333333333 0.21944444444444447
0 0.30208333333333337 0.31747685185185187 0.11784722222222221 0.2648726851851852
0 0.21970486111111112 0.3127025462962963 0.09670138888888884 0.2453703703703704
0 0.2082638888888889 0.7771701388888889 0.09048611111111109 0.2810185185185185
0 0.7998090277777777 0.37103587962962964 0.10541666666666671 0.2659722222222222
0 0.3663194444444445 0.7767939814814815 0.10854166666666672 0.266087962962963
0 0.6222916666666667 0.33848379629629627 0.10798611111111107 0.253587962962963
0 0.5556076388888889 0.5459780092592592 0.09895833333333322 0.26105324074074066
0 0.29022569444444446 0.7725694444444444 0.11392361111111109 0.281886574074074
0 0.775 0.6051504629629629 0.15798611111111108 0.25543981481481487
0 0.6068229166666667 0.7827546296296296 0.10902777777777786 0.277025462962963
0 0.39458333333333334 0.32109375 0.10763888888888884 0.245775462962963
0 0.38111111111111107 0.5461805555555556 0.11493055555555554 0.2694444444444445
0 0.4531076388888889 0.775144675925926 0.11392361111111118 0.281886574074074
0 0.7124652777777778 0.5714699074074074 0.10729166666666679 0.237962962962963
0 0.7038888888888889 0.7658564814814814 0.11833333333333336 0.27581018518518513
0 0.7135590277777778 0.33197337962962964 0.11545138888888892 0.2460648148148148
0 0.46661458333333333 0.3747685185185185 0.08722222222222217 0.27777777777777785
0 0.44286458333333334 0.5798900462962964 0.11805555555555554 0.2695601851851851
0 0.5440798611111111 0.7796006944444445 0.08486111111111114 0.29484953703703703