0 0.7377314814814815 0.8432638888888888 0.25600694444444444 0.09472222222222229
0 0.7333680555555555 0.7597395833333334 0.27487268518518526 0.10295138888888893
0 0.513912037037037 0.8224479166666667 0.25934027777777774 0.10885416666666678
0 0.27041666666666664 0.7395486111111111 0.28893518518518524 0.103263888888889
0 0.5047800925925927 0.7335590277777777 0.2699999999999999 0.09034722222222236
0 0.5276967592592593 0.5923784722222223 0.29826388888888894 0.10034722222222214
0 0.7276736111111111 0.6918749999999999 0.2764814814814816 0.106111111111111
0 0.26006365740740744 0.8319965277777778 0.2700694444444444 0.09503472222222235
0 0.7545081018518519 0.4458854166666667 0.2734490740740741 0.11229166666666668
0 0.273130787037037 0.6589930555555557 0.2684375 0.09031249999999993
0 0.5129224537037037 0.4918923611111111 0.2577546296296296 0.10725694444444436
0 0.31563078703703706 0.5736458333333333 0.31370370370370376 0.08819444444444446
0 0.5175115740740741 0.3268923611111111 0.2467939814814814 0.10545138888888887
0 0.7444444444444445 0.3468576388888889 0.2704629629629629 0.12159722222222218
0 0.2976331018518519 0.4138368055555556 0.2796064814814815 0.1061805555555555
0 0.5267013888888888 0.41968750000000005 0.2454629629629629 0.12104166666666671
0 0.7410937499999999 0.5954513888888888 0.2795601851851853 0.1030555555555555
0 0.769056712962963 0.2673784722222222 0.24243055555555557 0.1272222222222222
0 0.5758101851851852 0.2529166666666667 0.2109490740740741 0.11090277777777775
0 0.2908912037037037 0.3280208333333333 0.26099537037037035 0.11513888888888886
0 0.34890046296296295 0.2345138888888889 0.30920138888888893 0.10059027777777771
0 0.2821875 0.47904513888888883 0.26710648148148153 0.10590277777777786
0 0.5110011574074075 0.6787152777777778 0.2620254629629629 0.0792361111111111
0 0.7570659722222223 0.5130381944444444 0.27629629629629626 0.093611111111111