0 0.26326388888888885 0.3115104166666667 0.1621875 0.31597222222222215
0 0.724392361111111 0.31008680555555557 0.16104166666666658 0.3954513888888889
0 0.506875 0.6777256944444445 0.1546180555555555 0.4263541666666667
0 0.16328125 0.6765451388888889 0.17430555555555555 0.4131944444444445
0 0.40079861111111115 0.28161458333333333 0.2022916666666667 0.4113194444444444
0 0.52078125 0.3119965277777778 0.15715277777777778 0.378125
0 0.6331076388888889 0.2856770833333333 0.12795138888888893 0.38774305555555555
0 0.27625 0.7238368055555556 0.18368055555555554 0.4837847222222223
0 0.6188368055555555 0.7124479166666667 0.14944444444444435 0.4853819444444444
0 0.4013888888888889 0.6558159722222221 0.156111111111111 0.3546875
0 0.17434027777777777 0.3044270833333333 0.12013888888888888 0.31722222222222224
0 0.7351041666666667 0.6855208333333334 0.16104166666666658 0.465625