0 0.84765625 0.24921875 0.0875 0.25
0 0.7703125 0.253125 0.1 0.26953125
0 0.8125 0.4734375 0.10859375 0.25703125
0 0.73046875 0.4734375 0.0828125 0.26171875
0 0.72890625 0.69609375 0.1046875 0.26875
0 0.8109375 0.7078125 0.07265625 0.2484375
0 0.49765625 0.453125 0.08828125 0.25078125
0 0.33671875 0.43828125 0.096875 0.23671875
0 0.42890625 0.43515625 0.10859375 0.23046875
0 0.596875 0.446875 0.09296875 0.2890625
0 0.60234375 0.234375 0.09296875 0.271875
0 0.459375 0.21328125 0.10703125 0.259375
0 0.36953125 0.2203125 0.10546875 0.2609375
0 0.628125 0.68515625 0.08828125 0.25234375
0 0.5640625 0.64453125 0.075 0.28203125
0 0.4140625 0.65078125 0.096875 0.2609375
0 0.29140625 0.1859375 0.1203125 0.2265625
0 0.2703125 0.37109375 0.11015625 0.221875
0 0.32421875 0.65 0.09921875 0.24609375
0 0.52265625 0.22265625 0.07109375 0.2765625
0 0.69296875 0.24453125 0.11953125 0.25625
0 0.24140625 0.59140625 0.0890625 0.28359375
0 0.471875 0.66796875 0.09921875 0.24609375
0 0.67421875 0.46328125 0.075 0.26953125