0 0.5354166666666667 0.6838773148148148 0.1483680555555555 0.3509837962962964
0 0.7280902777777778 0.7095312500000001 0.15493055555555557 0.3932060185185186
0 0.25866319444444447 0.6685416666666667 0.1757986111111111 0.3355671296296297
0 0.3978993055555556 0.7008333333333334 0.21184027777777778 0.37332175925925937
0 0.5350868055555555 0.322037037037037 0.15993055555555563 0.4354166666666667
0 0.2934027777777778 0.2561631944444444 0.18635416666666665 0.5027777777777778
0 0.1882638888888889 0.30071180555555554 0.18423611111111113 0.41997685185185185
0 0.1875 0.6695775462962963 0.16430555555555557 0.3229861111111109
0 0.6273784722222222 0.7072222222222223 0.12416666666666672 0.40391203703703693
0 0.42392361111111115 0.3438773148148148 0.15812500000000007 0.3947916666666666
0 0.6503125000000001 0.2791261574074074 0.12152777777777786 0.4851157407407408
0 0.7687152777777777 0.3229861111111111 0.16791666666666671 0.47452546296296294
0 0.2067708333333333 0.16564814814814816 0.12145833333333336 0.1321064814814815