0 0.33515625 0.1953125 0.42265625 0.19453125
0 0.68984375 0.19609375 0.31640625 0.1546875
0 0.2734375 0.28671875 0.4875 0.17890625
0 0.334375 0.52578125 0.43984375 0.13828125
0 0.72421875 0.40703125 0.36328125 0.21015625
0 0.3546875 0.41953125 0.36484375 0.14296875
0 0.69296875 0.54375 0.33125 0.12265625
0 0.71171875 0.73046875 0.353125 0.13984375
0 0.715625 0.63125 0.36640625 0.11875
0 0.35234375 0.75234375 0.475 0.13828125
0 0.3 0.63203125 0.47890625 0.1
0 0.696875 0.284375 0.3578125 0.1828125