0 0.19793981481481482 0.21640625 0.07877314814814813 0.2234375
0 0.22951388888888888 0.43359375 0.09908564814814813 0.2234375
0 0.23265046296296296 0.6296875 0.08009259259259256 0.21875
0 0.27087962962962964 0.221875 0.1034259259259259 0.246875
0 0.3053356481481481 0.434375 0.11247685185185183 0.240625
0 0.30600694444444443 0.628125 0.11282407407407416 0.2171875
0 0.3934664351851852 0.62734375 0.10436342592592593 0.2046875
0 0.36130208333333336 0.42890625 0.09908564814814813 0.2234375
0 0.3368402777777778 0.21328125 0.10935185185185184 0.240625
0 0.4092013888888889 0.22265625 0.09949074074074069 0.23125
0 0.4209837962962963 0.4046875 0.12282407407407411 0.259375
0 0.45460069444444445 0.5859375 0.08400462962962969 0.2640625
0 0.49078703703703697 0.2140625 0.087638888888889 0.24375
0 0.5189525462962963 0.42578125 0.09243055555555557 0.215625
0 0.5370543981481481 0.62421875 0.10075231481481488 0.1953125
0 0.5488831018518519 0.21953125 0.09949074074074069 0.23125
0 0.5731539351851852 0.41640625 0.10748842592592603 0.2046875
0 0.5878472222222222 0.609375 0.09652777777777785 0.234375
0 0.6667534722222223 0.609375 0.10961805555555557 0.215625
0 0.653275462962963 0.43984375 0.09646990740740743 0.203125
0 0.6231307870370371 0.23515625 0.100138888888889 0.24375
0 0.6953935185185185 0.2125 0.10560185185185186 0.1984375
0 0.7176793981481481 0.37109375 0.10935185185185184 0.240625
0 0.7366319444444445 0.5859375 0.09567129629629641 0.278125