0 0.8591145833333332 0.6278472222222222 0.21187499999999987 0.4206944444444446
0 0.82328125 0.26664930555555555 0.1767708333333335 0.33812499999999995
0 0.7504166666666666 0.6898784722222222 0.20593749999999994 0.4952083333333334
0 0.5154687499999999 0.6446875 0.171875 0.42826388888888883
0 0.6203645833333333 0.6314062500000001 0.1640625 0.3578125
0 0.6043229166666666 0.2379861111111111 0.21208333333333335 0.42381944444444447
0 0.4691666666666666 0.27925347222222224 0.15395833333333328 0.34645833333333337
0 0.28140625 0.24842013888888886 0.15687499999999996 0.3902083333333334
0 0.3750520833333334 0.2544444444444445 0.14416666666666664 0.3865277777777778
0 0.28312499999999996 0.6503125 0.17468750000000002 0.4704513888888888
0 0.40776041666666674 0.6863020833333333 0.13333333333333322 0.48107638888888893
0 0.7237500000000001 0.278125 0.2302083333333332 0.34517361111111117