0 0.3589988425925926 0.8096527777777778 0.42761574074074077 0.2
0 0.7136631944444444 0.8141261574074073 0.32020833333333343 0.1593634259259261
0 0.29457175925925927 0.7173321759259259 0.4927777777777778 0.18534722222222227
0 0.3484259259259259 0.47917245370370376 0.4446990740740741 0.14402777777777764
0 0.7417881944444444 0.6036979166666667 0.36870370370370364 0.2147453703703704
0 0.3718865740740741 0.5857233796296296 0.3698842592592593 0.14916666666666673
0 0.7064872685185184 0.4665162037037037 0.33486111111111116 0.1267824074074074
0 0.7197048611111111 0.2800752314814815 0.3572916666666668 0.14585648148148148
0 0.726550925925926 0.37935185185185183 0.36914351851851845 0.12416666666666672
0 0.3596817129629629 0.2528761574074074 0.4790740740740741 0.14453703703703705
0 0.3109027777777778 0.37241319444444443 0.4810879629629629 0.10708333333333328
0 0.7180787037037037 0.7259490740740742 0.3632291666666667 0.1881134259259259