0 0.5849131944444445 0.6967881944444445 0.17502314814814818 0.1935185185185185
0 0.29726273148148147 0.7359953703703703 0.17356481481481484 0.16539351851851852
0 0.5927430555555555 0.560792824074074 0.15152777777777776 0.1606481481481481
0 0.6051793981481481 0.4260127314814815 0.16532407407407418 0.18657407407407406
0 0.41594328703703703 0.6384837962962963 0.1628703703703703 0.1692708333333334
0 0.31461805555555555 0.581394675925926 0.16491898148148146 0.17876157407407406
0 0.4522627314814815 0.49337384259259254 0.13375000000000004 0.17800925925925917
0 0.33721064814814816 0.4458622685185185 0.1980555555555555 0.18744212962962958
0 0.41234374999999995 0.7679398148148148 0.17070601851851847 0.14027777777777767
0 0.33694444444444444 0.3159143518518518 0.16609953703703706 0.14149305555555552
0 0.6167650462962964 0.3076388888888889 0.16224537037037035 0.12719907407407405