0 0.3234375 0.69453125 0.2578125 0.1265625
0 0.259375 0.315625 0.20625 0.09921875
0 0.453125 0.7125 0.17265625 0.1234375
0 0.26328125 0.4265625 0.203125 0.2015625
0 0.56875 0.7109375 0.190625 0.17265625
0 0.709375 0.4125 0.1578125 0.06796875
0 0.48671875 0.36875 0.23828125 0.2
0 0.32421875 0.765625 0.225 0.084375
0 0.63359375 0.3515625 0.3109375 0.18359375
0 0.72734375 0.56171875 0.1765625 0.146875
0 0.75234375 0.68828125 0.18828125 0.184375
0 0.38046875 0.57890625 0.18828125 0.1703125
0 0.2859375 0.621875 0.1375 0.0890625
0 0.5546875 0.5828125 0.23125 0.184375
0 0.496875 0.2484375 0.22734375 0.06953125
0 0.5390625 0.46328125 0.2109375 0.059375
0 0.34921875 0.47734375 0.1390625 0.0640625
0 0.26484375 0.24375 0.2140625 0.053125
0 0.7078125 0.4671875 0.134375 0.0515625
0 0.26484375 0.54375 0.16015625 0.07265625
0 0.3828125 0.40625 0.059375 0.08671875
0 0.678125 0.24140625 0.24140625 0.06796875