0 0.5571817129629629 0.6348611111111111 0.10166666666666657 0.2435995370370371
0 0.7312962962962963 0.17445023148148148 0.1240856481481483 0.22762731481481482
0 0.5964641203703704 0.3985127314814815 0.10872685185185187 0.20502314814814815
0 0.30705439814814817 0.6721238425925926 0.12015046296296301 0.2663657407407408
0 0.22497685185185184 0.6755960648148148 0.09734953703703705 0.2496064814814815
0 0.5179976851851851 0.46292245370370366 0.08697916666666679 0.2848958333333334
0 0.6191724537037038 0.6230266203703703 0.10212962962962954 0.2514120370370371
0 0.1723900462962963 0.22458912037037035 0.09414351851851847 0.27436342592592594
0 0.6863541666666666 0.3946354166666667 0.10965277777777764 0.22064814814814807
0 0.7848726851851852 0.5760358796296297 0.10333333333333332 0.2717245370370371
0 0.35469328703703706 0.4181018518518519 0.09495370370370378 0.23546296296296293
0 0.24941550925925923 0.22843171296296294 0.1119791666666666 0.28619212962962964
0 0.7035011574074075 0.6178703703703704 0.12115740740740755 0.2570717592592594
0 0.65125 0.19897569444444443 0.12143518518518519 0.2617592592592593
0 0.5584606481481481 0.19359953703703703 0.10517361111111115 0.27649305555555553
0 0.4137962962962963 0.21207175925925928 0.10839120370370381 0.2782175925925926
0 0.5024884259259259 0.2012037037037037 0.06979166666666678 0.2840046296296297
0 0.3240914351851852 0.21907407407407406 0.118587962962963 0.2662847222222222
0 0.21564236111111112 0.45195601851851847 0.11601851851851848 0.27549768518518525
0 0.3969849537037037 0.6557060185185185 0.10800925925925924 0.24548611111111107
0 0.4635590277777778 0.6154224537037037 0.08486111111111114 0.27543981481481483
0 0.7635416666666666 0.3483159722222222 0.10854166666666672 0.20189814814814824
0 0.42012731481481486 0.3982523148148148 0.11821759259259253 0.26003472222222224
0 0.2971701388888889 0.45243055555555556 0.10056712962962963 0.2513310185185185