0 0.7433854166666667 0.35280671296296295 0.16906250000000006 0.3203703703703704
0 0.2817708333333333 0.29684606481481485 0.16968750000000005 0.39971064814814816
0 0.5076562499999999 0.68828125 0.16395833333333343 0.4303819444444443
0 0.8515625 0.7277488425925925 0.1833333333333332 0.41782407407407407
0 0.6050520833333334 0.30679976851851853 0.21125000000000008 0.41678240740740746
0 0.48562500000000003 0.3228298611111111 0.16541666666666668 0.3822916666666667
0 0.3726041666666667 0.28336226851851853 0.1364583333333333 0.3910300925925926
0 0.73953125 0.7585648148148149 0.1942708333333334 0.4828703703703702
0 0.3963541666666667 0.7095775462962963 0.16010416666666663 0.4891782407407407
0 0.6127604166666667 0.6789641203703703 0.1638541666666667 0.3588541666666666
0 0.8322395833333334 0.3562789351851852 0.12708333333333321 0.3203703703703704
0 0.27937500000000004 0.6690393518518518 0.17125000000000004 0.4697916666666666