0 0.33092592592592596 0.4884432870370371 0.24124999999999996 0.0879398148148148
0 0.7888078703703704 0.2936863425925926 0.22905092592592596 0.12837962962962965
0 0.5617361111111111 0.432494212962963 0.21006944444444448 0.09685185185185183
0 0.31559606481481484 0.7389699074074074 0.2601851851851852 0.11321759259259263
0 0.3146759259259259 0.8256655092592592 0.24437500000000006 0.08798611111111114
0 0.7718865740740741 0.8566550925925925 0.2771412037037038 0.08222222222222228
0 0.5585358796296297 0.7386631944444444 0.2350462962962963 0.09409722222222214
0 0.5373090277777777 0.8258391203703704 0.2601388888888888 0.10696759259259245
0 0.5681018518518519 0.34275462962962966 0.2163657407407406 0.1031944444444445
0 0.5583159722222222 0.49806134259259255 0.20674768518518505 0.0702430555555555
0 0.34215277777777775 0.4222106481481481 0.2506712962962963 0.09432870370370364
0 0.38150462962962967 0.2509375 0.26314814814814813 0.09138888888888888
0 0.7657986111111111 0.7729803240740741 0.2725694444444445 0.09777777777777778
0 0.6269328703703703 0.27019675925925923 0.22266203703703696 0.10953703703703699
0 0.31963541666666667 0.6515393518518519 0.24134259259259264 0.10043981481481482
0 0.7745486111111111 0.3723726851851852 0.2476041666666667 0.10209490740740738
0 0.7725636574074073 0.5262326388888889 0.28791666666666665 0.060509259259259277
0 0.7715277777777778 0.7027604166666667 0.2664004629629629 0.10862268518518511
0 0.3399421296296296 0.33468749999999997 0.24453703703703714 0.10986111111111115
0 0.7685011574074074 0.6105381944444443 0.27881944444444445 0.09787037037037045
0 0.7799074074074074 0.46306712962962965 0.26937500000000014 0.08835648148148145
0 0.5732002314814815 0.6092071759259259 0.2757407407407408 0.10407407407407412
0 0.36125578703703703 0.5756018518518518 0.2692592592592593 0.07273148148148145
0 0.5525578703703704 0.6698321759259259 0.26951388888888894 0.10710648148148146