0 0.70625 0.24296875 0.05546875 0.1984375
0 0.4125 0.2765625 0.06953125 0.24140625
0 0.20703125 0.278125 0.071875 0.21640625
0 0.48515625 0.27109375 0.06796875 0.22421875
0 0.55625 0.259375 0.07421875 0.2046875
0 0.48359375 0.46796875 0.071875 0.1828125
0 0.35078125 0.2953125 0.07265625 0.23046875
0 0.3546875 0.47734375 0.05703125 0.16171875
0 0.2484375 0.42265625 0.11015625 0.16015625
0 0.284375 0.2859375 0.109375 0.2421875
0 0.56953125 0.4359375 0.1125 0.22265625
0 0.40703125 0.47578125 0.0859375 0.2
0 0.69375 0.61640625 0.08125 0.23828125
0 0.63515625 0.43671875 0.08984375 0.225
0 0.39375 0.634375 0.13984375 0.240625
0 0.63671875 0.64453125 0.0765625 0.1875
0 0.28203125 0.6828125 0.17734375 0.17421875
0 0.5171875 0.6828125 0.11328125 0.10859375
0 0.5546875 0.5671875 0.20625 0.3140625
0 0.64296875 0.25703125 0.09765625 0.215625
0 0.6890625 0.44765625 0.08359375 0.23515625
0 0.26875 0.50625 0.178125 0.2265625