0 0.6937094907407407 0.23938078703703702 0.1801388888888889 0.18640046296296298
0 0.5790162037037037 0.29542824074074076 0.1478472222222223 0.2541666666666666
0 0.4256018518518519 0.36915509259259255 0.17516203703703698 0.33414351851851853
0 0.40140046296296295 0.5019097222222222 0.10652777777777782 0.22771990740740744
0 0.33660300925925923 0.29467592592592595 0.07596064814814811 0.1958333333333334
0 0.7001736111111111 0.41585648148148147 0.1875 0.22436342592592595
0 0.3225925925925926 0.688599537037037 0.10298611111111108 0.21342592592592596
0 0.6732638888888889 0.6400173611111111 0.1223842592592593 0.23668981481481488
0 0.5629398148148148 0.46967592592592594 0.08625000000000008 0.17476851851851852
0 0.4041666666666667 0.6716435185185186 0.08125 0.21649305555555554
0 0.7143344907407407 0.49042245370370363 0.11750000000000008 0.1770833333333332
0 0.2820486111111111 0.3205439814814815 0.07569444444444447 0.23946759259259257
0 0.3327893518518518 0.5023148148148148 0.0942592592592593 0.2346064814814815
0 0.6082175925925926 0.6253472222222223 0.0847453703703703 0.22922453703703702
0 0.4844965277777778 0.4598958333333333 0.0728356481481482 0.19560185185185192
0 0.5474363425925926 0.6508969907407407 0.07578703703703696 0.24259259259259255
0 0.4877604166666667 0.2445023148148148 0.05443287037037035 0.10069444444444446
0 0.2496354166666667 0.7041377314814815 0.057488425925925936 0.20381944444444428
0 0.4404513888888889 0.2363136574074074 0.05847222222222222 0.07916666666666669
0 0.6118634259259259 0.449681712962963 0.05339120370370374 0.17077546296296298
0 0.28228587962962964 0.49670138888888893 0.08479166666666664 0.230787037037037
0 0.4675868055555556 0.6622685185185185 0.068888888888889 0.22025462962962958
0 0.7474363425925926 0.636082175925926 0.08162037037037032 0.2289930555555557
0 0.3840972222222222 0.2966145833333333 0.11483796296296296 0.1924768518518519