0 0.3065104166666667 0.5318113425925926 0.24120370370370373 0.09392361111111107
0 0.31073495370370374 0.20071180555555554 0.2513310185185185 0.08306712962962966
0 0.3116319444444445 0.28347222222222224 0.2686921296296296 0.10662037037037031
0 0.5375578703703704 0.5855381944444444 0.22268518518518512 0.09690972222222208
0 0.7517939814814815 0.7291840277777778 0.23501157407407405 0.11574074074074084
0 0.7657696759259259 0.17157407407407407 0.27285879629629617 0.07854166666666669
0 0.5419849537037037 0.1989988425925926 0.27170138888888895 0.10508101851851848
0 0.5429398148148148 0.28097800925925925 0.24710648148148148 0.08928240740740741
0 0.33770254629629626 0.7642650462962963 0.26741898148148147 0.08943287037037032
0 0.30497685185185186 0.37331597222222224 0.2445601851851852 0.09707175925925923
0 0.542795138888889 0.6729513888888888 0.22436342592592595 0.09848379629629633
0 0.5394097222222223 0.3497164351851852 0.2658564814814815 0.08942129629629632
0 0.7528645833333334 0.3247106481481482 0.2731481481481481 0.10353009259259256
0 0.31527777777777777 0.592650462962963 0.253587962962963 0.09245370370370373
0 0.521556712962963 0.5169444444444444 0.2564814814814815 0.0893518518518519
0 0.5740740740740741 0.7461168981481482 0.21724537037037023 0.10780092592592574
0 0.7502893518518519 0.4965104166666666 0.28553240740740726 0.05989583333333322
0 0.7537615740740741 0.5550462962962963 0.27546296296296297 0.09261574074074072
0 0.756076388888889 0.24972800925925925 0.2819444444444443 0.09578703703703706
0 0.7513599537037037 0.40826967592592595 0.2771412037037038 0.09418981481481481
0 0.33967013888888886 0.44255208333333335 0.2677083333333333 0.07225694444444457
0 0.312037037037037 0.6785648148148148 0.2529513888888889 0.10494212962962965
0 0.7359953703703703 0.6473148148148148 0.2671296296296296 0.10660879629629623
0 0.557494212962963 0.4112673611111111 0.27459490740740744 0.10197916666666665