0 0.4911458333333334 0.3520428240740741 0.11062499999999993 0.2586805555555555
0 0.7461979166666667 0.3375868055555556 0.12635416666666668 0.2845138888888889
0 0.31833333333333336 0.8180381944444445 0.13708333333333336 0.2353472222222223
0 0.83421875 0.338912037037037 0.10187500000000008 0.26750000000000007
0 0.4522916666666667 0.5863020833333333 0.12260416666666671 0.228263888888889
0 0.8943749999999999 0.809375 0.09854166666666657 0.2875347222222221
0 0.5409375 0.5853298611111111 0.07906250000000004 0.20545138888888878
0 0.2511979166666667 0.3946296296296296 0.11270833333333333 0.2899305555555555
0 0.3479166666666667 0.5614409722222222 0.13166666666666665 0.24747685185185198
0 0.8177604166666667 0.8040567129629629 0.12416666666666672 0.29839120370370364
0 0.42776041666666664 0.3584027777777778 0.11416666666666675 0.2651157407407407
0 0.5565104166666666 0.8072511574074074 0.07760416666666678 0.30030092592592583
0 0.39026041666666667 0.7880613425925926 0.13104166666666667 0.28479166666666667
0 0.33671875 0.3584548611111111 0.12729166666666672 0.27523148148148147
0 0.4968229166666666 0.8107175925925926 0.11541666666666668 0.28386574074074067
0 0.7335416666666666 0.801400462962963 0.13145833333333332 0.29104166666666664
0 0.6909375000000001 0.5708738425925926 0.11708333333333343 0.26217592592592603
0 0.6471354166666666 0.7776041666666667 0.12104166666666671 0.34489583333333335
0 0.6281770833333333 0.59828125 0.13843749999999985 0.30234953703703693
0 0.588125 0.3826909722222222 0.09750000000000014 0.29525462962962956
0 0.6519270833333334 0.3358912037037037 0.11552083333333343 0.26208333333333333
0 0.8522916666666667 0.5749884259259259 0.12312499999999993 0.28276620370370364
0 0.27338541666666666 0.6107175925925926 0.10499999999999998 0.17430555555555555
0 0.7615104166666666 0.5672743055555556 0.1171875 0.263738425925926