0 0.6925289351851852 0.6740162037037036 0.11815972222222229 0.2478587962962962
0 0.38624421296296296 0.7166377314814815 0.10456018518518526 0.26296296296296295
0 0.6096238425925925 0.674074074074074 0.11081018518518526 0.2631944444444446
0 0.5519675925925925 0.6930555555555555 0.11214120370370359 0.25543981481481487
0 0.6878182870370371 0.46345486111111106 0.11149305555555564 0.2335648148148149
0 0.7524247685185186 0.39467592592592593 0.117048611111111 0.21035879629629628
0 0.2497337962962963 0.2822048611111111 0.10336805555555557 0.27540509259259266
0 0.1793287037037037 0.2827256944444444 0.0887962962962963 0.2576967592592593
0 0.7833969907407408 0.6163773148148148 0.10677083333333322 0.28489583333333324
0 0.591724537037037 0.4598958333333334 0.11925925925925931 0.23229166666666679
0 0.5654166666666667 0.23914930555555558 0.11862268518518526 0.26348379629629626
0 0.5270138888888889 0.4793981481481482 0.09775462962962962 0.2439814814814815
0 0.7319907407407408 0.21325231481481483 0.14108796296296297 0.23153935185185182
0 0.5073263888888888 0.24638310185185186 0.08305555555555558 0.27465277777777775
0 0.2181539351851852 0.740914351851852 0.09219907407407409 0.2671875
0 0.20940393518518516 0.5083043981481481 0.11375000000000002 0.25706018518518514
0 0.29260416666666667 0.7358506944444445 0.11710648148148142 0.264988425925926
0 0.4231770833333333 0.262037037037037 0.10428240740740743 0.253587962962963
0 0.42333912037037036 0.4677372685185185 0.12405092592592588 0.2886574074074074
0 0.6567303240740741 0.24565972222222224 0.12018518518518526 0.2635416666666666
0 0.3661863425925926 0.4961226851851852 0.09849537037037041 0.2689814814814815
0 0.4623321759259259 0.6826967592592592 0.07018518518518527 0.2616898148148149
0 0.32597800925925924 0.26938657407407407 0.1430671296296296 0.24565972222222224
0 0.3049479166666667 0.5040219907407407 0.07942129629629627 0.257349537037037