0 0.33449074074074076 0.29352430555555553 0.12273148148148146 0.2740277777777777
0 0.5956423611111111 0.21477430555555554 0.21082175925925917 0.21236111111111108
0 0.3122800925925926 0.5279513888888889 0.1684722222222222 0.1995486111111111
0 0.6540856481481482 0.4331250000000001 0.19724537037037032 0.2445486111111112
0 0.3322511574074074 0.7081944444444443 0.18398148148148152 0.19243055555555558
0 0.7112210648148147 0.2127604166666667 0.09983796296296284 0.2043055555555556
0 0.3102025462962963 0.4046875 0.11483796296296296 0.16281250000000008
0 0.4420949074074074 0.51359375 0.17994212962962966 0.23597222222222225
0 0.4528993055555556 0.6801909722222221 0.14326388888888886 0.184375
0 0.45014467592592594 0.33913194444444444 0.16686342592592585 0.1963541666666667
0 0.40868055555555555 0.23947916666666663 0.08631944444444457 0.13499999999999995
0 0.6000405092592592 0.6556944444444445 0.07106481481481489 0.1593055555555555
0 0.7671932870370369 0.43980902777777775 0.0723148148148148 0.2436805555555555
0 0.2634664351851852 0.29199652777777774 0.08145833333333333 0.22847222222222224
0 0.5520775462962962 0.30961805555555555 0.07076388888888889 0.1389930555555555
0 0.5485706018518519 0.5463368055555555 0.06743055555555558 0.33559027777777783
0 0.7806597222222222 0.2159201388888889 0.05627314814814817 0.2148611111111111
0 0.6211689814814815 0.33621527777777777 0.09927083333333328 0.06062500000000002
0 0.6687962962962963 0.5995486111111111 0.16053240740740726 0.2960069444444445
0 0.48295717592592596 0.23227430555555556 0.08885416666666668 0.20069444444444445
0 0.6640972222222222 0.6005381944444445 0.15428240740740745 0.29572916666666665