0 0.23441550925925925 0.1974363425925926 0.2301273148148148 0.08049768518518521
0 0.6289583333333333 0.1917824074074074 0.21622685185185198 0.08289351851851849
0 0.24030671296296297 0.26413773148148145 0.23562499999999992 0.0963657407407407
0 0.6236284722222223 0.26451967592592596 0.22665509259259267 0.10369212962962963
0 0.43111689814814813 0.2807349537037037 0.22905092592592596 0.08979166666666671
0 0.23324074074074072 0.3252777777777778 0.23611111111111108 0.10574074074074077
0 0.4174594907407408 0.4840219907407407 0.21490740740740738 0.0875
0 0.4257118055555556 0.2046585648148148 0.2203240740740741 0.10180555555555557
0 0.21954861111111112 0.4841550925925926 0.24715277777777783 0.07826388888888883
0 0.4034837962962963 0.5431828703703704 0.20124999999999993 0.09458333333333328
0 0.5931655092592593 0.5364641203703704 0.21983796296296293 0.09243055555555557
0 0.21152777777777781 0.5336574074074074 0.23546296296296293 0.0932407407407407
0 0.6196585648148148 0.34108217592592593 0.20741898148148152 0.09334490740740745
0 0.22923032407407407 0.4026215277777777 0.24171296296296294 0.09356481481481485
0 0.5954050925925926 0.6134837962962962 0.21736111111111106 0.10476851851851858
0 0.41253472222222226 0.3385763888888889 0.2317708333333332 0.0821412037037037
0 0.40403935185185186 0.6226273148148149 0.2013310185185185 0.09614583333333329
0 0.5774363425925927 0.4040451388888888 0.25011574074074083 0.07530092592592581
0 0.2172974537037037 0.6027025462962963 0.21638888888888888 0.08601851851851841
0 0.6068981481481481 0.4819907407407408 0.20890046296296294 0.09186342592592603
0 0.55265625 0.6866030092592592 0.2412268518518518 0.08418981481481484
0 0.3444675925925925 0.6896064814814815 0.20626157407407408 0.10107638888888885
0 0.40048611111111115 0.390625 0.24828703703703708 0.10013888888888882
0 0.2010821759259259 0.6900289351851852 0.1920370370370371 0.09722222222222214