0 0.47421875 0.1984375 0.240625 0.096875
0 0.478125 0.496875 0.2234375 0.09140625
0 0.4671875 0.565625 0.20546875 0.0875
0 0.48046875 0.6546875 0.21875 0.09296875
0 0.67578125 0.50625 0.23125 0.0828125
0 0.68515625 0.271875 0.24765625 0.1046875
0 0.48515625 0.2796875 0.2125 0.0828125
0 0.2484375 0.70625 0.21328125 0.1015625
0 0.68984375 0.19140625 0.23984375 0.084375
0 0.25703125 0.1796875 0.2515625 0.0703125
0 0.6875 0.35625 0.22734375 0.09375
0 0.2625 0.6328125 0.23125 0.10078125
0 0.4734375 0.34140625 0.2140625 0.0765625
0 0.678125 0.6515625 0.225 0.1
0 0.26328125 0.3203125 0.24375 0.10078125
0 0.63359375 0.72734375 0.26328125 0.08359375
0 0.6671875 0.57109375 0.240625 0.0859375
0 0.25859375 0.48984375 0.26328125 0.05546875
0 0.2546875 0.5453125 0.25078125 0.08203125
0 0.2671875 0.25703125 0.2546875 0.08203125
0 0.39921875 0.71796875 0.190625 0.09609375
0 0.64453125 0.4203125 0.26484375 0.0671875
0 0.43359375 0.4 0.2375 0.0984375
0 0.2625 0.4046875 0.2546875 0.08671875