0 0.834375 0.2578125 0.08203125 0.25390625
0 0.71328125 0.48046875 0.078125 0.253125
0 0.790625 0.71328125 0.075 0.2484375
0 0.7984375 0.4796875 0.10078125 0.240625
0 0.71015625 0.7078125 0.109375 0.2625
0 0.63671875 0.4765625 0.07109375 0.23671875
0 0.484375 0.4546875 0.096875 0.21796875
0 0.678125 0.25 0.1015625 0.25
0 0.32265625 0.446875 0.09453125 0.2140625
0 0.275 0.18984375 0.11328125 0.21328125
0 0.61953125 0.69921875 0.103125 0.2390625
0 0.41953125 0.43515625 0.0953125 0.225
0 0.75546875 0.25703125 0.10703125 0.25390625
0 0.3578125 0.2234375 0.1015625 0.253125
0 0.3078125 0.65234375 0.0921875 0.23671875
0 0.56171875 0.46015625 0.0546875 0.215625
0 0.45234375 0.215625 0.096875 0.253125
0 0.22890625 0.5984375 0.0859375 0.26640625
0 0.55390625 0.63203125 0.08828125 0.3015625
0 0.259375 0.3734375 0.11328125 0.209375
0 0.58984375 0.2359375 0.11015625 0.2546875
0 0.4640625 0.67109375 0.09140625 0.23671875
0 0.584375 0.471875 0.11484375 0.3359375
0 0.5046875 0.228125 0.10546875 0.27421875
0 0.403125 0.653125 0.1015625 0.27109375