0 0.2046875 0.16015625 0.24765625 0.07421875
0 0.428125 0.18515625 0.246875 0.0984375
0 0.65390625 0.18203125 0.23984375 0.0828125
0 0.21328125 0.2375 0.26328125 0.09921875
0 0.43046875 0.2703125 0.24453125 0.0859375
0 0.6453125 0.26328125 0.24765625 0.1015625
0 0.42578125 0.3328125 0.26640625 0.09609375
0 0.64375 0.35 0.228125 0.09140625
0 0.4046875 0.5625 0.20390625 0.090625
0 0.60546875 0.41484375 0.2609375 0.0671875
0 0.21171875 0.30390625 0.25703125 0.10078125
0 0.42421875 0.64609375 0.23984375 0.09765625
0 0.21328125 0.39140625 0.259375 0.08984375
0 0.20859375 0.628125 0.2390625 0.10234375
0 0.2015625 0.53671875 0.2609375 0.0875
0 0.62421875 0.56484375 0.24296875 0.084375
0 0.428125 0.49453125 0.2421875 0.09140625
0 0.203125 0.48046875 0.26953125 0.0671875
0 0.6296875 0.64921875 0.2421875 0.1015625
0 0.4 0.39296875 0.2625 0.0953125
0 0.5875 0.7296875 0.2625 0.08203125
0 0.3671875 0.715625 0.215625 0.10625
0 0.63515625 0.503125 0.2375 0.084375
0 0.18984375 0.7015625 0.2203125 0.1078125