0 0.2774594907407407 0.730306712962963 0.24453703703703705 0.06756944444444457
0 0.47581597222222227 0.7130787037037037 0.25262731481481476 0.08678240740740736
0 0.660144675925926 0.6990277777777778 0.2729398148148148 0.08798611111111114
0 0.6392129629629629 0.6056539351851852 0.2867361111111112 0.17622685185185177
0 0.492818287037037 0.5939988425925926 0.19818287037037036 0.20532407407407405
0 0.2731423611111111 0.6500231481481482 0.20472222222222225 0.11984953703703702
0 0.25350694444444444 0.538587962962963 0.2097453703703704 0.24815972222222235
0 0.3577546296296297 0.5026967592592593 0.15731481481481477 0.08113425925925917
0 0.5937268518518518 0.4910590277777779 0.36053240740740744 0.09942129629629619
0 0.6772453703703704 0.5338078703703704 0.20092592592592595 0.07435185185185186
0 0.25582754629629634 0.43132523148148144 0.16531249999999992 0.09409722222222214
0 0.3071412037037037 0.3586921296296296 0.20432870370370376 0.09328703703703703
0 0.34286458333333336 0.28932870370370367 0.3203703703703704 0.1282638888888889
0 0.5303877314814814 0.38534143518518515 0.2514004629629628 0.2147222222222222
0 0.3082523148148148 0.22256944444444446 0.21081018518518527 0.10928240740740733
0 0.46235532407407404 0.22673032407407406 0.18865740740740744 0.08923611111111115
0 0.5457118055555557 0.25854166666666667 0.2179398148148149 0.16902777777777772
0 0.3593634259259259 0.40016782407407403 0.16504629629629636 0.18150462962962965
0 0.7139583333333334 0.26733796296296297 0.21192129629629636 0.18428240740740742
0 0.697048611111111 0.3926678240740741 0.18983796296296304 0.16892361111111107