0 0.7774710648148148 0.23376736111111107 0.31708333333333344 0.16857638888888893
0 0.7754340277777778 0.3762326388888889 0.383449074074074 0.1964930555555556
0 0.5874131944444445 0.7366145833333333 0.32636574074074076 0.16586805555555556
0 0.5937037037037036 0.6056944444444444 0.32444444444444437 0.20635416666666676
0 0.806695601851852 0.5336458333333333 0.3396527777777777 0.19298611111111122
0 0.8303761574074073 0.69921875 0.33881944444444445 0.16486111111111104
0 0.5372337962962963 0.4423611111111111 0.26418981481481474 0.17402777777777773
0 0.23276041666666666 0.3839236111111111 0.29268518518518516 0.18777777777777782
0 0.24939236111111113 0.681232638888889 0.28270833333333334 0.167048611111111
0 0.21963541666666667 0.2577777777777778 0.30710648148148145 0.14784722222222219
0 0.2546238425925926 0.5409722222222222 0.26060185185185186 0.1582638888888889