0 0.3122569444444444 0.28022569444444445 0.3194444444444445 0.1608796296296296
0 0.2869965277777778 0.748292824074074 0.3590972222222223 0.1396064814814814
0 0.6799652777777778 0.19198495370370372 0.4134027777777778 0.16695601851851852
0 0.6745659722222221 0.5447974537037037 0.459375 0.14733796296296298
0 0.3207118055555555 0.5582928240740741 0.34958333333333336 0.13634259259259257
0 0.30758680555555556 0.6494444444444445 0.37701388888888887 0.1211342592592592
0 0.29381944444444447 0.42751157407407414 0.44340277777777776 0.20956018518518515
0 0.6817187499999999 0.7760011574074074 0.4651388888888889 0.13649305555555563
0 0.6657638888888888 0.4345833333333333 0.372013888888889 0.14916666666666673
0 0.7309201388888888 0.30204282407407407 0.4984027777777779 0.18226851851851852
0 0.7269444444444444 0.6517534722222222 0.48576388888888894 0.10869212962962962
0 0.3040798611111111 0.18407407407407406 0.32260416666666664 0.1265740740740741