0 0.35609375 0.36161458333333335 0.12270833333333338 0.162800925925926
0 0.47456597222222224 0.3643460648148148 0.17583333333333329 0.164375
0 0.591579861111111 0.6456597222222222 0.17114583333333327 0.16423611111111108
0 0.4573263888888889 0.6293518518518518 0.1740972222222222 0.1955324074074074
0 0.5218055555555555 0.5127488425925926 0.17756944444444436 0.13321759259259255
0 0.7425868055555556 0.6536689814814816 0.16013888888888878 0.16234953703703708
0 0.61015625 0.36813078703703705 0.15666666666666665 0.15444444444444444
0 0.7939930555555555 0.5327719907407408 0.13399305555555543 0.17093750000000013
0 0.664236111111111 0.5381770833333334 0.16333333333333327 0.16400462962962958
0 0.32647569444444446 0.6418113425925925 0.13690972222222228 0.16634259259259246
0 0.7452777777777777 0.3649074074074074 0.16291666666666665 0.15462962962962967