0 0.721730324074074 0.39151041666666664 0.25659722222222214 0.09937500000000003
0 0.6884548611111111 0.6101215277777777 0.26620370370370383 0.10583333333333336
0 0.4189236111111111 0.7516666666666667 0.21041666666666678 0.11708333333333325
0 0.2756944444444444 0.17239583333333333 0.26082175925925927 0.08697916666666665
0 0.6910300925925925 0.7007291666666667 0.25237268518518513 0.11177083333333329
0 0.7098668981481482 0.5559548611111111 0.24288194444444447 0.10843750000000014
0 0.6340277777777777 0.7845486111111111 0.2893518518518519 0.09854166666666657
0 0.48203125 0.68515625 0.23807870370370363 0.10520833333333339
0 0.7232349537037037 0.3056770833333333 0.2765046296296296 0.08888888888888893
0 0.4955439814814815 0.20694444444444446 0.2616898148148149 0.11041666666666661
0 0.4689814814814815 0.4171180555555556 0.2958333333333334 0.10493055555555557
0 0.48556134259259254 0.5275520833333334 0.24392361111111108 0.09440972222222221
0 0.6821180555555555 0.4601041666666667 0.27777777777777785 0.081111111111111
0 0.26276041666666666 0.41331597222222227 0.25960648148148147 0.09631944444444436
0 0.27841435185185187 0.24583333333333335 0.27534722222222224 0.09979166666666668
0 0.4715856481481482 0.5928125 0.2354166666666666 0.11763888888888889
0 0.2543113425925926 0.5013368055555556 0.27945601851851853 0.08427083333333325
0 0.23229166666666665 0.7287847222222222 0.23738425925925927 0.12861111111111115
0 0.2559606481481481 0.65125 0.2664351851851852 0.11208333333333335
0 0.24852430555555555 0.5558506944444443 0.2633101851851851 0.11201388888888886
0 0.49646990740740743 0.29517361111111107 0.2685185185185185 0.08402777777777785
0 0.4886284722222222 0.35744791666666664 0.2662037037037036 0.10583333333333336
0 0.7355613425925925 0.21696180555555555 0.2622685185185187 0.08388888888888886
0 0.266087962962963 0.3134722222222222 0.2625578703703704 0.1338541666666666