0 0.3987615740740741 0.44765046296296296 0.16581018518518514 0.1924768518518519
0 0.3905034722222222 0.33346643518518515 0.1625694444444445 0.1299768518518519
0 0.6894212962962963 0.6286805555555557 0.17478009259259258 0.18515046296296306
0 0.6982233796296297 0.7834085648148148 0.1801388888888889 0.168287037037037
0 0.6711111111111111 0.48592592592592593 0.20807870370370374 0.19622685185185187
0 0.40465277777777775 0.5913194444444445 0.15309027777777792 0.15753472222222217
0 0.5781539351851852 0.6766724537037037 0.1676388888888889 0.1676388888888889
0 0.6723206018518518 0.3589872685185186 0.1791666666666666 0.14953703703703702
0 0.58265625 0.808582175925926 0.16898148148148132 0.1334259259259259
0 0.5501041666666666 0.5264004629629631 0.13375000000000004 0.17523148148148132
0 0.405451388888889 0.7269328703703704 0.16532407407407418 0.1831018518518519