0 0.16338541666666667 0.5199016203703704 0.11291666666666664 0.24349537037037033
0 0.46208333333333335 0.5071527777777778 0.10552083333333329 0.2261226851851852
0 0.5301041666666666 0.5160532407407408 0.10124999999999992 0.20884259259259252
0 0.6200520833333334 0.5001331018518519 0.10833333333333321 0.22152777777777768
0 0.4846354166666667 0.30921875 0.09822916666666667 0.2337037037037037
0 0.25088541666666664 0.30678819444444444 0.12114583333333337 0.24997685185185184
0 0.24536458333333333 0.5065567129629629 0.09697916666666666 0.2149537037037037
0 0.6561458333333333 0.7306365740740741 0.11572916666666674 0.21550925925925918
0 0.17072916666666665 0.3044849537037037 0.10041666666666668 0.24312500000000004
0 0.13015625000000003 0.737644675925926 0.08708333333333336 0.25364583333333324
0 0.3354166666666667 0.30194444444444446 0.10895833333333335 0.23090277777777776
0 0.5836458333333334 0.71875 0.11541666666666668 0.23421296296296285
0 0.3063020833333333 0.5164467592592592 0.09083333333333332 0.21633101851851855
0 0.6301041666666667 0.30256944444444445 0.11499999999999985 0.227962962962963
0 0.27119791666666665 0.7272280092592592 0.11624999999999996 0.24671296296296302
0 0.7029166666666666 0.34485532407407404 0.10187500000000008 0.265
0 0.54890625 0.3158912037037037 0.10197916666666665 0.24317129629629627
0 0.4404166666666667 0.7268923611111111 0.07375000000000007 0.26416666666666655
0 0.4956250000000001 0.7291550925925926 0.09791666666666679 0.25240740740740736
0 0.20817708333333332 0.7251967592592592 0.09822916666666667 0.25709490740740754
0 0.6779166666666667 0.5795081018518519 0.10958333333333332 0.19349537037037035
0 0.3966145833333333 0.3430150462962963 0.08489583333333339 0.26761574074074074
0 0.3622395833333333 0.5545543981481481 0.11427083333333332 0.24041666666666667
0 0.3555208333333334 0.7255092592592594 0.10447916666666668 0.25728009259259255