0 0.2766608796296296 0.7240277777777777 0.1801388888888889 0.1825115740740742
0 0.39135416666666667 0.6822453703703704 0.14784722222222219 0.2510416666666666
0 0.5447685185185185 0.6276041666666666 0.17516203703703698 0.33046296296296307
0 0.5689699074074074 0.4974074074074074 0.10652777777777782 0.22549768518518523
0 0.6337673611111111 0.71359375 0.07596064814814803 0.19427083333333323
0 0.27019675925925923 0.5460763888888889 0.1875 0.22033564814814816
0 0.6477777777777778 0.3199652777777778 0.10298611111111118 0.21127314814814824
0 0.2971064814814815 0.32447337962962963 0.1223842592592593 0.23412037037037034
0 0.40743055555555563 0.509375 0.08625000000000008 0.17296296296296293
0 0.5662037037037038 0.32668981481481485 0.08125 0.21482638888888897
0 0.25603587962962965 0.46944444444444444 0.11749999999999998 0.17458333333333337
0 0.6883217592592593 0.694513888888889 0.07569444444444447 0.2379398148148148
0 0.6375810185185186 0.5056597222222222 0.0942592592592593 0.23266203703703708
0 0.36215277777777777 0.3474074074074074 0.0847453703703703 0.22748842592592594
0 0.48587384259259264 0.5290914351851852 0.07283564814814802 0.1941087962962964
0 0.42293402777777783 0.32943287037037033 0.07578703703703696 0.24106481481481482
0 0.48260995370370374 0.7448784722222223 0.05443287037037035 0.0995486111111111
0 0.7207349537037038 0.31357638888888884 0.057488425925926026 0.2026736111111111
0 0.5299189814814815 0.7590682870370371 0.05847222222222222 0.07791666666666668
0 0.3585069444444445 0.5232696759259259 0.05339120370370374 0.1696990740740741
0 0.6880844907407407 0.5176678240740741 0.08479166666666664 0.22905092592592596
0 0.5027835648148148 0.32809606481481485 0.06888888888888882 0.21886574074074075
0 0.22293402777777777 0.31906249999999997 0.0816203703703704 0.22732638888888895
0 0.5862731481481482 0.7056539351851853 0.11483796296296304 0.19004629629629638