0 0.19331597222222224 0.26348379629629626 0.23003472222222224 0.2645717592592593
0 0.3315335648148148 0.46987847222222223 0.25964120370370375 0.25451388888888893
0 0.22561342592592593 0.7221527777777778 0.2500462962962963 0.2245486111111111
0 0.4113599537037037 0.2800983796296296 0.25187500000000007 0.26053240740740746
0 0.5411516203703703 0.5088946759259259 0.24532407407407408 0.2197222222222223
0 0.12364004629629628 0.4527835648148148 0.19854166666666667 0.23083333333333336
0 0.6350347222222222 0.31875 0.24429398148148138 0.29155092592592596
0 0.6444560185185185 0.7470601851851851 0.27666666666666656 0.23314814814814824
0 0.4357870370370371 0.7307233796296296 0.23276620370370366 0.21153935185185196
0 0.8248263888888889 0.31734375 0.20805555555555558 0.2498611111111111
0 0.8343460648148149 0.7589351851851852 0.19863425925925923 0.24333333333333335