0 0.8317881944444444 0.7784548611111111 0.22741898148148146 0.07711805555555565
0 0.6133969907407407 0.767795138888889 0.22862268518518522 0.09743055555555565
0 0.4177199074074074 0.7835416666666667 0.22282407407407412 0.07847222222222214
0 0.8220138888888888 0.7060416666666667 0.25224537037037037 0.10159722222222226
0 0.608125 0.692048611111111 0.24655092592592603 0.11069444444444443
0 0.4149305555555555 0.7100347222222222 0.2232060185185185 0.11121527777777782
0 0.4105266203703704 0.6224999999999999 0.21024305555555553 0.10284722222222235
0 0.6102604166666666 0.6355555555555557 0.22862268518518522 0.09743055555555565
0 0.8266724537037037 0.6392534722222222 0.2463657407407407 0.10756944444444443
0 0.8130381944444445 0.5677951388888889 0.23643518518518505 0.09777777777777778
0 0.6308680555555555 0.5735416666666666 0.2658564814814815 0.12090277777777772
0 0.44818287037037036 0.5573784722222221 0.2682291666666668 0.08204861111111121
0 0.8167708333333333 0.48538194444444444 0.24819444444444444 0.08583333333333325
0 0.6040335648148147 0.4776041666666667 0.22043981481481473 0.09083333333333332
0 0.40513310185185186 0.47861111111111115 0.2006828703703704 0.09930555555555554
0 0.8078761574074076 0.42781250000000004 0.23643518518518505 0.09777777777777778
0 0.6101678240740741 0.4225 0.21042824074074068 0.10597222222222236
0 0.41692129629629626 0.42638888888888893 0.23937500000000006 0.09479166666666679
0 0.41224537037037035 0.3474826388888889 0.22145833333333337 0.10802083333333332
0 0.5820543981481482 0.34463541666666664 0.20821759259259257 0.09496527777777777
0 0.7878993055555557 0.35506944444444444 0.24893518518518504 0.09833333333333334
0 0.8062037037037036 0.280625 0.2040856481481484 0.10413194444444444
0 0.6467766203703704 0.27361111111111114 0.2463657407407407 0.10756944444444443
0 0.4314699074074074 0.27534722222222224 0.2829398148148147 0.09361111111111117