0 0.24458912037037034 0.7330671296296296 0.21944444444444447 0.0547569444444445
0 0.2970775462962963 0.23517939814814817 0.22083333333333338 0.0735069444444445
0 0.28402777777777777 0.44295717592592593 0.24571759259259257 0.0723148148148148
0 0.2744212962962963 0.5094328703703704 0.22048611111111108 0.0688194444444445
0 0.4713541666666667 0.5057349537037037 0.18790509259259255 0.07145833333333336
0 0.4859375 0.3720717592592592 0.16284722222222214 0.049236111111111036
0 0.2441261574074074 0.6550347222222223 0.20405092592592594 0.09979166666666668
0 0.3068576388888889 0.3770659722222222 0.22777777777777777 0.08297453703703708
0 0.44516782407407407 0.23766782407407408 0.15659722222222214 0.049143518518518545
0 0.29693287037037036 0.3108796296296297 0.23778935185185182 0.11277777777777782
0 0.6457175925925925 0.4063831018518519 0.24890046296296298 0.13635416666666664
0 0.26067708333333334 0.5790914351851851 0.20879629629629629 0.07957175925925916
0 0.4343171296296296 0.5843229166666667 0.22326388888888893 0.1063194444444445
0 0.43559027777777776 0.651417824074074 0.23836805555555554 0.07844907407407398
0 0.6200231481481481 0.7111168981481482 0.22934027777777785 0.08299768518518533
0 0.45951967592592596 0.4231886574074074 0.171875 0.0868287037037037
0 0.6377025462962963 0.6515451388888889 0.19930555555555554 0.07787037037037034
0 0.6966724537037037 0.5297106481481482 0.09641203703703702 0.12160879629629626
0 0.6978587962962963 0.2924537037037037 0.18952546296296297 0.17761574074074069
0 0.4252893518518518 0.2847858796296296 0.12430555555555553 0.07675925925925924
0 0.5123842592592592 0.2889583333333333 0.2359953703703704 0.193912037037037
0 0.5677372685185185 0.5636168981481482 0.3344907407407408 0.21722222222222226
0 0.438599537037037 0.7161458333333333 0.2346064814814815 0.09087962962962966