0 0.24140625 0.20625 0.22421875 0.075
0 0.640625 0.2171875 0.2140625 0.07265625
0 0.4453125 0.2953125 0.22890625 0.0765625
0 0.4390625 0.2203125 0.21796875 0.090625
0 0.24453125 0.2671875 0.23828125 0.0859375
0 0.24375 0.49453125 0.23984375 0.059375
0 0.63984375 0.28828125 0.22734375 0.0953125
0 0.43671875 0.35078125 0.2265625 0.071875
0 0.440625 0.50078125 0.20859375 0.06796875
0 0.4296875 0.56171875 0.19296875 0.08359375
0 0.640625 0.3671875 0.2109375 0.08515625
0 0.23984375 0.5421875 0.23203125 0.07734375
0 0.24375 0.4109375 0.234375 0.08125
0 0.24375 0.33671875 0.22734375 0.09296875
0 0.62421875 0.56015625 0.22109375 0.0796875
0 0.60234375 0.4296875 0.24140625 0.06015625
0 0.634375 0.64140625 0.21015625 0.0921875
0 0.24609375 0.62734375 0.21171875 0.09609375
0 0.63125 0.50234375 0.21328125 0.0703125
0 0.4390625 0.64140625 0.2046875 0.08828125
0 0.39453125 0.7 0.20703125 0.1
0 0.59375 0.71328125 0.2421875 0.075
0 0.421875 0.40859375 0.2484375 0.09140625
0 0.2375 0.696875 0.1890625 0.09140625