0 0.23383680555555558 0.6734375 0.18152777777777782 0.428125
0 0.3557986111111111 0.728125 0.21965277777777778 0.5125
0 0.30604166666666666 0.31171875 0.18034722222222221 0.33125
0 0.5902604166666666 0.67734375 0.16333333333333327 0.440625
0 0.57734375 0.31640625 0.1574305555555556 0.378125
0 0.43918402777777776 0.3015625 0.20881944444444436 0.409375
0 0.7734722222222222 0.28203125 0.15406249999999985 0.3375
0 0.47946180555555556 0.6453125 0.16118055555555558 0.3921875
0 0.8152083333333333 0.65859375 0.1654166666666665 0.4875
0 0.6792881944444444 0.28984375 0.1344444444444445 0.353125
0 0.6921180555555556 0.7015625 0.13104166666666667 0.4875
0 0.22710069444444442 0.3109375 0.1660069444444444 0.325