0 0.2696527777777778 0.21711226851851856 0.21943287037037038 0.0766319444444445
0 0.47078703703703706 0.24195023148148148 0.22468749999999993 0.0876388888888889
0 0.6640393518518518 0.25027777777777777 0.2348148148148148 0.0721759259259259
0 0.27285300925925926 0.27883101851851855 0.2568518518518519 0.07562499999999997
0 0.47397569444444443 0.31850115740740736 0.22929398148148153 0.08614583333333332
0 0.6620543981481481 0.3173842592592592 0.2217245370370371 0.09071759259259267
0 0.6679108796296296 0.4002199074074074 0.21062499999999992 0.0874305555555555
0 0.4689178240740741 0.3715104166666667 0.22247685185185198 0.07511574074074075
0 0.2644155092592593 0.34193865740740736 0.2093055555555555 0.09209490740740733
0 0.27393518518518517 0.42014467592592597 0.22905092592592596 0.08145833333333333
0 0.45218171296296295 0.4251273148148148 0.2611921296296297 0.09910879629629629
0 0.6325868055555557 0.4566840277777778 0.27511574074074086 0.06652777777777778
0 0.6662847222222222 0.5344675925925926 0.1982870370370371 0.09037037037037035
0 0.47439236111111105 0.5222569444444444 0.21374999999999994 0.08747685185185183
0 0.27025462962962965 0.4997164351851852 0.24098379629629632 0.07070601851851847
0 0.2690625 0.5520023148148148 0.22929398148148153 0.08614583333333332
0 0.45843749999999994 0.5758854166666667 0.21843749999999992 0.08754629629629633
0 0.6518113425925925 0.586556712962963 0.23718749999999994 0.08782407407407397
0 0.6628935185185185 0.6647858796296295 0.2077430555555555 0.09207175925925917
0 0.47490740740740744 0.6526331018518519 0.20873842592592595 0.08115740740740733
0 0.27924189814814815 0.6278761574074074 0.23578703703703702 0.09092592592592581
0 0.2619560185185185 0.7010011574074074 0.21159722222222221 0.1061805555555555
0 0.40783564814814816 0.7140914351851851 0.22064814814814807 0.1000694444444445
0 0.6180613425925927 0.7335995370370371 0.26482638888888876 0.07886574074074079