0 0.8614872685185185 0.265 0.09773148148148145 0.2729166666666667
0 0.8289583333333332 0.5082465277777778 0.1136342592592591 0.29236111111111107
0 0.7349768518518519 0.519704861111111 0.09752314814814814 0.2588541666666668
0 0.48670138888888886 0.4977256944444444 0.11006944444444447 0.26253472222222224
0 0.41520833333333335 0.46875 0.10664351851851847 0.24208333333333326
0 0.3150925925925926 0.4721180555555556 0.11023148148148146 0.2734722222222222
0 0.25047453703703704 0.4012326388888889 0.1162268518518518 0.2565625000000001
0 0.2624652777777778 0.22508680555555555 0.1223148148148148 0.24590277777777772
0 0.7353645833333333 0.7573784722222223 0.12287037037037045 0.2834027777777777
0 0.8252199074074074 0.7605902777777778 0.09605324074074062 0.26503472222222213
0 0.34021990740740743 0.2535590277777778 0.11822916666666661 0.28631944444444446
0 0.6702951388888889 0.5058854166666666 0.08663194444444447 0.26149305555555563
0 0.21949652777777778 0.6453298611111111 0.09796296296296295 0.2885416666666666
0 0.6377083333333333 0.7530381944444444 0.10839120370370381 0.25465277777777756
0 0.40084490740740747 0.6995138888888889 0.10241898148148146 0.27312499999999995
0 0.4451041666666667 0.24493055555555557 0.09798611111111111 0.2901041666666667
0 0.6925752314814815 0.2684375 0.11023148148148146 0.2734722222222222
0 0.776869212962963 0.27765625 0.10444444444444442 0.3044444444444444
0 0.5098668981481481 0.25328125 0.060671296296296265 0.30093749999999997
0 0.5667939814814815 0.6849999999999999 0.07939814814814809 0.3002083333333335
0 0.30945023148148143 0.6946701388888888 0.11478009259259263 0.26430555555555557
0 0.5996643518518519 0.26039930555555557 0.09957175925925928 0.2917361111111111
0 0.601412037037037 0.45904513888888887 0.10402777777777779 0.27631944444444445
0 0.46674189814814815 0.7368402777777778 0.12084490740740747 0.2520833333333332