0 0.2205439814814815 0.2799189814814815 0.3182291666666666 0.17089120370370373
0 0.22152777777777777 0.42243055555555553 0.38478009259259255 0.19929398148148145
0 0.40694444444444444 0.7842824074074074 0.327488425925926 0.16825231481481479
0 0.4016203703703704 0.653287037037037 0.32586805555555554 0.2087152777777778
0 0.18909143518518517 0.5796469907407408 0.34097222222222223 0.1954629629629629
0 0.16707175925925927 0.7450810185185185 0.33414351851851853 0.1673379629629629
0 0.4593171296296297 0.4903356481481481 0.2653935185185185 0.17594907407407412
0 0.7643229166666667 0.4341377314814815 0.2939814814814815 0.18990740740740736
0 0.7454861111111111 0.7313888888888889 0.2838541666666668 0.1691087962962964
0 0.7783854166666666 0.3080613425925926 0.3081018518518519 0.15009259259259267
0 0.7412905092592592 0.5910590277777779 0.2616898148148149 0.16016203703703696