0 0.40078125 0.64609375 0.1390625 0.24453125
0 0.29140625 0.69375 0.1890625 0.1796875
0 0.584375 0.44609375 0.10625 0.2234375
0 0.55625 0.58125 0.1671875 0.31328125
0 0.64296875 0.25546875 0.10234375 0.203125
0 0.275 0.51484375 0.18515625 0.21015625
0 0.64296875 0.64375 0.075 0.203125
0 0.25390625 0.434375 0.11015625 0.15703125
0 0.290625 0.2921875 0.11640625 0.23046875
0 0.70390625 0.62265625 0.07109375 0.240625
0 0.49453125 0.4828125 0.06875 0.19609375
0 0.56171875 0.27109375 0.075 0.2078125
0 0.409375 0.4703125 0.08046875 0.16796875
0 0.35546875 0.309375 0.07890625 0.2296875
0 0.41796875 0.28671875 0.06953125 0.2390625
0 0.6890625 0.44765625 0.07734375 0.22578125
0 0.36328125 0.4859375 0.05 0.16640625
0 0.553125 0.70546875 0.06171875 0.07890625
0 0.4953125 0.696875 0.04921875 0.0921875
0 0.7140625 0.2453125 0.05 0.20234375
0 0.2140625 0.2921875 0.075 0.2203125
0 0.2125 0.60234375 0.040625 0.08515625
0 0.63359375 0.44609375 0.0796875 0.21484375
0 0.49609375 0.28671875 0.08515625 0.23359375