0 0.7718981481481482 0.7316203703703703 0.2348148148148148 0.1220254629629629
0 0.7618171296296297 0.4919039351851852 0.2928935185185185 0.07871527777777772
0 0.755642361111111 0.14671296296296296 0.2882986111111112 0.08180555555555555
0 0.5978587962962962 0.7532175925925926 0.2628935185185185 0.12067129629629622
0 0.7533275462962964 0.22483796296296296 0.29675925925925917 0.10373842592592589
0 0.5493923611111111 0.6754687500000001 0.21872685185185184 0.10628472222222225
0 0.30317129629629636 0.5234201388888889 0.2622453703703703 0.09879629629629641
0 0.7524537037037037 0.6497511574074074 0.2736458333333335 0.1145023148148148
0 0.34424768518518517 0.7714988425925926 0.28710648148148143 0.09429398148148138
0 0.54359375 0.39666666666666667 0.30636574074074086 0.11162037037037038
0 0.5061458333333333 0.26337962962962963 0.2563194444444445 0.10968749999999998
0 0.7521180555555556 0.39746527777777774 0.288761574074074 0.09743055555555555
0 0.30743055555555554 0.5905613425925926 0.2653240740740741 0.09725694444444458
0 0.5120428240740741 0.5125 0.252962962962963 0.1018518518518519
0 0.7632060185185185 0.5504745370370371 0.2809490740740742 0.09737268518518523
0 0.5236516203703704 0.17342592592592593 0.2922569444444445 0.10995370370370372
0 0.30164351851851856 0.6804282407407408 0.25636574074074076 0.11125000000000007
0 0.3317303240740741 0.4294791666666667 0.2928472222222222 0.07715277777777771
0 0.5309375000000001 0.5865625 0.24395833333333333 0.1142824074074074
0 0.755931712962963 0.29511574074074076 0.28605324074074084 0.11146990740740748
0 0.28466435185185185 0.3571875 0.2577430555555556 0.10501157407407406
0 0.5228125 0.3335532407407408 0.2717129629629628 0.10199074074074073
0 0.2727835648148148 0.2572974537037037 0.2783333333333333 0.11453703703703706
0 0.2884722222222222 0.17594907407407406 0.26357638888888885 0.0909953703703704