0 0.3276041666666667 0.20427083333333335 0.4149652777777778 0.20255787037037037
0 0.6840277777777778 0.23055555555555554 0.31895833333333334 0.1663657407407408
0 0.28144097222222225 0.30410300925925926 0.49451388888888886 0.20043981481481482
0 0.33899305555555553 0.5411921296296296 0.42795138888888884 0.154849537037037
0 0.7138715277777778 0.4498206018518518 0.36375000000000013 0.21550925925925918
0 0.6406944444444445 0.5630787037037037 0.5312152777777778 0.1664467592592592
0 0.7340104166666667 0.7591030092592592 0.39354166666666685 0.15150462962962957
0 0.3527604166666667 0.7744502314814815 0.4686805555555556 0.16164351851851855
0 0.3514583333333333 0.43493055555555554 0.3498611111111112 0.15236111111111103
0 0.3093576388888889 0.6473437499999999 0.48670138888888886 0.12980324074074084
0 0.7265451388888889 0.6689756944444445 0.42756944444444434 0.137662037037037
0 0.6766145833333334 0.3183506944444444 0.32881944444444444 0.18872685185185184