0 0.7492129629629629 0.6430613425925926 0.2813310185185186 0.22601851851851862
0 0.19321759259259258 0.45828125000000003 0.28888888888888886 0.19175925925925927
0 0.17335648148148147 0.729832175925926 0.27293981481481483 0.14777777777777779
0 0.3320196759259259 0.636099537037037 0.19564814814814824 0.2591203703703705
0 0.6142881944444444 0.6723090277777777 0.18627314814814824 0.25898148148148153
0 0.31118055555555557 0.35379050925925926 0.26743055555555556 0.24768518518518512
0 0.1546238425925926 0.6264409722222222 0.20930555555555558 0.20464120370370367
0 0.6830729166666667 0.46710069444444446 0.2641435185185186 0.2257638888888888
0 0.14375578703703704 0.3192824074074074 0.12748842592592596 0.12687500000000007
0 0.6112152777777778 0.3629224537037037 0.21722222222222207 0.2188194444444445
0 0.44351273148148146 0.3963715277777778 0.11266203703703699 0.2344560185185185
0 0.8859027777777777 0.4505902777777778 0.2281944444444445 0.26431712962962967
0 0.1458738425925926 0.49976273148148154 0.18810185185185188 0.08402777777777785
0 0.08019675925925926 0.4917592592592593 0.059849537037037034 0.06494212962962961
0 0.41097222222222224 0.6435185185185185 0.2185416666666667 0.3969444444444445
0 0.24561342592592594 0.360630787037037 0.15880787037037036 0.13671296296296295