0 0.3625 0.20859375 0.39765625 0.17265625
0 0.71484375 0.21796875 0.29453125 0.14453125
0 0.31015625 0.30234375 0.48203125 0.165625
0 0.72734375 0.4171875 0.40390625 0.196875
0 0.3546875 0.534375 0.42734375 0.1421875
0 0.36953125 0.42578125 0.36171875 0.1328125
0 0.7234375 0.61640625 0.4046875 0.146875
0 0.7171875 0.73515625 0.35625 0.1375
0 0.721875 0.55078125 0.3703125 0.12109375
0 0.3625 0.75859375 0.47109375 0.1359375
0 0.7 0.303125 0.33359375 0.1671875
0 0.3171875 0.65546875 0.4609375 0.121875