0 0.6795717592592594 0.26022569444444443 0.32407407407407407 0.16319444444444448
0 0.690943287037037 0.7279513888888889 0.3630787037037038 0.14222222222222208
0 0.3146412037037037 0.17473958333333334 0.4181712962962963 0.16996527777777776
0 0.3095775462962963 0.5273958333333333 0.46354166666666663 0.1506944444444443
0 0.6628761574074075 0.5382638888888889 0.35347222222222213 0.13888888888888892
0 0.6732928240740741 0.6292881944444445 0.3805555555555557 0.1254513888888889
0 0.6936342592592593 0.40732638888888884 0.44942129629629635 0.21277777777777782
0 0.2955729166666667 0.758576388888889 0.4689814814814815 0.13989583333333327
0 0.3216435185185185 0.41715277777777776 0.3762731481481481 0.15187500000000007
0 0.26044560185185184 0.2851388888888889 0.5035879629629629 0.18590277777777775
0 0.25405092592592593 0.6347048611111111 0.4887731481481482 0.11225694444444442
0 0.6905960648148148 0.1640451388888889 0.3262152777777777 0.1289236111111111