0 0.7495833333333334 0.30126736111111113 0.16958333333333328 0.30041666666666667
0 0.45854166666666674 0.28442708333333333 0.16750000000000007 0.3626388888888889
0 0.2646875 0.26796875 0.16687500000000002 0.4
0 0.8469270833333333 0.6565972222222222 0.21125000000000008 0.43468750000000006
0 0.4958854166666667 0.6565277777777778 0.17624999999999993 0.4471527777777776
0 0.6011458333333334 0.2608506944444445 0.22468749999999993 0.4493055555555555
0 0.7491145833333334 0.7056076388888889 0.1989583333333334 0.5073611111111112
0 0.8294270833333334 0.2765625 0.15677083333333322 0.34190972222222216
0 0.6075520833333334 0.6272743055555555 0.18979166666666672 0.3932291666666668
0 0.36234375 0.25187499999999996 0.14281250000000006 0.4129513888888889
0 0.39135416666666667 0.6987847222222222 0.13989583333333339 0.48604166666666676
0 0.2690625 0.6509375000000001 0.1713541666666666 0.4671875