0 0.2222453703703704 0.76015625 0.0719444444444445 0.21664351851851862
0 0.23640046296296297 0.5552141203703703 0.08766203703703698 0.22312499999999993
0 0.22872685185185185 0.35372106481481486 0.06606481481481481 0.24155092592592595
0 0.3014293981481481 0.35576967592592595 0.10333333333333332 0.2264814814814815
0 0.3104340277777778 0.5416145833333333 0.09087962962962966 0.22942129629629626
0 0.28619212962962964 0.7513946759259259 0.08964120370370363 0.2512731481481481
0 0.5168807870370371 0.5518402777777778 0.0844444444444445 0.2168287037037036
0 0.5796469907407407 0.5688831018518519 0.09662037037037034 0.19513888888888892
0 0.7138946759259259 0.7692824074074074 0.099861111111111 0.20299768518518507
0 0.6591724537037037 0.5567650462962963 0.09037037037037035 0.19504629629629627
0 0.6354456018518518 0.7485648148148148 0.08770833333333332 0.22625000000000012
0 0.37241898148148145 0.5586689814814815 0.07842592592592598 0.2323611111111111
0 0.35336805555555556 0.7496180555555556 0.09393518518518515 0.2247800925925926
0 0.3858854166666667 0.35998842592592595 0.08747685185185183 0.210625
0 0.5806828703703704 0.3750752314814815 0.08141203703703699 0.22303240740740743
0 0.5668229166666666 0.7581770833333333 0.08458333333333332 0.2262037037037036
0 0.6571064814814814 0.3645659722222222 0.0936805555555555 0.2075925925925926
0 0.7232638888888889 0.6105150462962963 0.09358796296296283 0.2013425925925926
0 0.5226851851851853 0.36343171296296295 0.08122685185185183 0.21053240740740736
0 0.5121238425925926 0.7582060185185185 0.053449074074073975 0.2335532407407408
0 0.4283564814814815 0.7477256944444445 0.08784722222222215 0.23562499999999992
0 0.4434606481481481 0.3958622685185185 0.06611111111111115 0.24467592592592596
0 0.7319733796296296 0.40721643518518513 0.07856481481481481 0.2417361111111111
0 0.4273726851851851 0.5758275462962963 0.09740740740740747 0.24826388888888892
0 0.3360416666666667 0.8459895833333334 0.05999999999999996 0.04306712962962962