0 0.21484375 0.20703125 0.2140625 0.06640625
0 0.20859375 0.68203125 0.19375 0.0890625
0 0.36171875 0.69140625 0.190625 0.08125
0 0.55703125 0.6984375 0.225 0.071875
0 0.21796875 0.615625 0.1921875 0.08671875
0 0.6015625 0.2234375 0.20546875 0.06796875
0 0.22109375 0.41171875 0.2234375 0.0796875
0 0.22265625 0.275 0.228125 0.08125
0 0.40703125 0.63125 0.20078125 0.0828125
0 0.21953125 0.47734375 0.23203125 0.04609375
0 0.59140625 0.63046875 0.20234375 0.08671875
0 0.3921875 0.4078125 0.24453125 0.08984375
0 0.40234375 0.55703125 0.19296875 0.07734375
0 0.41328125 0.3 0.221875 0.07265625
0 0.41015625 0.34921875 0.22109375 0.0671875
0 0.21796875 0.5375 0.221875 0.0765625
0 0.59921875 0.29453125 0.21640625 0.08671875
0 0.41640625 0.496875 0.20546875 0.0703125
0 0.56484375 0.42734375 0.22734375 0.059375
0 0.22109375 0.334375 0.22421875 0.08671875
0 0.584375 0.55859375 0.20703125 0.07265625
0 0.6015625 0.36796875 0.2 0.078125
0 0.403125 0.2265625 0.2234375 0.08828125
0 0.59296875 0.50234375 0.20234375 0.0734375