0 0.7279166666666667 0.31729166666666664 0.3208333333333332 0.15534722222222222
0 0.725625 0.2361111111111111 0.30916666666666687 0.14416666666666664
0 0.39890625 0.5424479166666666 0.4234375 0.14982638888888894
0 0.3838020833333333 0.21057291666666664 0.3971875000000001 0.15392361111111114
0 0.7697395833333334 0.7574131944444444 0.3633333333333333 0.1375694444444445
0 0.7776041666666667 0.44243055555555555 0.36916666666666664 0.20166666666666658
0 0.7427083333333333 0.5742708333333333 0.3362499999999999 0.1291666666666668
0 0.40484374999999995 0.44428819444444445 0.3560416666666667 0.14520833333333344
0 0.77515625 0.6631423611111111 0.3820833333333333 0.11458333333333322
0 0.33510416666666665 0.31090277777777775 0.48125 0.17451388888888886
0 0.40927083333333336 0.7681250000000001 0.4442708333333334 0.13468750000000007
0 0.36484375 0.6516840277777778 0.4731249999999999 0.12284722222222229