0 0.1905960648148148 0.7787673611111111 0.3811921296296296 0.18248842592592585
0 0.20815972222222223 0.6039988425925926 0.41631944444444446 0.20009259259259266
0 0.42411458333333335 0.16807291666666666 0.39268518518518525 0.18074074074074079
0 0.4266030092592592 0.3478761574074074 0.40873842592592596 0.24813657407407402
0 0.17116319444444444 0.19866319444444444 0.3423263888888889 0.19571759259259255
0 0.47534722222222225 0.5228935185185184 0.33138888888888884 0.22043981481481473
0 0.16719907407407408 0.41353009259259255 0.33439814814814817 0.19562500000000008
0 0.8268287037037038 0.2670486111111111 0.32743055555555534 0.1922685185185186
0 0.8155960648148148 0.7780439814814815 0.32668981481481474 0.1672685185185186
0 0.8180844907407406 0.6413020833333333 0.33083333333333337 0.20168981481481474
0 0.8257118055555555 0.43663773148148144 0.32890046296296305 0.18916666666666657