0 0.6245833333333334 0.34942129629629626 0.11680555555555543 0.16365740740740745
0 0.505787037037037 0.36006944444444444 0.1699305555555556 0.165625
0 0.3739872685185185 0.6500289351851851 0.1652430555555556 0.16545138888888894
0 0.5092939814814814 0.6247106481481481 0.1670370370370371 0.19675925925925916
0 0.45076967592592593 0.5120659722222222 0.17282407407407413 0.13449074074074083
0 0.22233217592592594 0.668142361111111 0.15429398148148143 0.1634837962962962
0 0.3697916666666667 0.3729166666666667 0.1511111111111111 0.15555555555555553
0 0.1771238425925926 0.550318287037037 0.12780092592592593 0.171875
0 0.30679976851851853 0.5470775462962962 0.1574305555555556 0.16516203703703702
0 0.639699074074074 0.6284722222222221 0.1308912037037036 0.16730324074074082
0 0.2346296296296296 0.3787037037037037 0.15736111111111112 0.15578703703703703