0 0.47445023148148147 0.19756944444444444 0.20480324074074066 0.2167013888888889
0 0.7020833333333333 0.49451388888888886 0.18524305555555554 0.1632291666666667
0 0.4070023148148148 0.3369270833333333 0.30098379629629635 0.12524305555555557
0 0.35911458333333335 0.48689236111111106 0.18940972222222224 0.1352430555555557
0 0.34571759259259255 0.19236111111111112 0.16655092592592596 0.18465277777777772
0 0.6308449074074074 0.18852430555555555 0.2052662037037038 0.2229513888888889
0 0.5133391203703704 0.5177083333333333 0.3148148148148149 0.20666666666666664
0 0.3872974537037037 0.6346354166666666 0.2137731481481481 0.14826388888888892
0 0.8087962962962963 0.17369791666666667 0.19797453703703702 0.20875
0 0.7286168981481482 0.33703125 0.3935185185185185 0.1319791666666667
0 0.7972511574074074 0.5302777777777777 0.1702546296296296 0.23465277777777765
0 0.6230613425925926 0.62109375 0.20376157407407405 0.16052083333333336
0 0.5572337962962963 0.4850347222222222 0.2026041666666666 0.14489583333333336