0 0.7268055555555556 0.15708333333333332 0.13230324074074068 0.23927083333333332
0 0.48607060185185186 0.19026041666666665 0.09006944444444435 0.295625
0 0.13990740740740742 0.2296875 0.09295138888888888 0.2911458333333333
0 0.7381249999999999 0.32916666666666666 0.1321990740740741 0.26729166666666665
0 0.21803240740740742 0.2244791666666667 0.11679398148148143 0.3005208333333334
0 0.6573668981481482 0.38515625 0.11586805555555557 0.22260416666666671
0 0.49045717592592586 0.6461979166666667 0.11032407407407412 0.2658333333333333
0 0.6436400462962963 0.18442708333333332 0.12651620370370367 0.2778125
0 0.74140625 0.5811979166666668 0.10693287037037039 0.29052083333333345
0 0.3777314814814815 0.4178125 0.1250925925925926 0.3104166666666668
0 0.24199074074074076 0.468125 0.12093749999999996 0.26031249999999984
0 0.39089120370370367 0.2090625 0.11013888888888887 0.29229166666666667
0 0.55796875 0.63546875 0.10892361111111129 0.26885416666666656
0 0.4918981481481481 0.4382291666666667 0.11296296296296297 0.25666666666666665
0 0.5448263888888889 0.18322916666666664 0.1081712962962964 0.284375
0 0.15291666666666665 0.45927083333333335 0.12280092592592591 0.29625
0 0.6476504629629629 0.6326041666666666 0.12249999999999997 0.26041666666666663
0 0.39804398148148146 0.6266666666666667 0.09006944444444445 0.2956250000000001
0 0.5672106481481481 0.41218750000000004 0.12497685185185184 0.24812499999999993
0 0.28858796296296296 0.21510416666666665 0.1240393518518518 0.2901041666666667
0 0.32283564814814814 0.6807291666666667 0.11633101851851854 0.2615625
0 0.31327546296296294 0.4446875 0.11393518518518517 0.27541666666666664
0 0.22206597222222219 0.7022395833333335 0.12675925925925924 0.2824999999999999
0 0.14150462962962962 0.694375 0.10259259259259261 0.2668749999999999