0 0.24296875 0.23359375 0.2234375 0.065625
0 0.2015625 0.7234375 0.190625 0.09296875
0 0.225 0.51875 0.23125 0.0515625
0 0.63125 0.2625 0.20546875 0.06875
0 0.25 0.3046875 0.234375 0.08671875
0 0.55859375 0.7546875 0.23203125 0.0765625
0 0.628125 0.3359375 0.22265625 0.08828125
0 0.4359375 0.26171875 0.2140625 0.090625
0 0.35703125 0.7375 0.21875 0.09609375
0 0.440625 0.3359375 0.23203125 0.07890625
0 0.225 0.65859375 0.22109375 0.10234375
0 0.609375 0.553125 0.209375 0.08359375
0 0.23984375 0.44296875 0.240625 0.08984375
0 0.41015625 0.67734375 0.21171875 0.0890625
0 0.42265625 0.53828125 0.20625 0.0734375
0 0.409375 0.446875 0.24140625 0.096875
0 0.43125 0.39140625 0.225 0.0765625
0 0.4109375 0.59296875 0.2015625 0.0890625
0 0.24140625 0.36171875 0.228125 0.08984375
0 0.2203125 0.571875 0.228125 0.08203125
0 0.60078125 0.60390625 0.21640625 0.08046875
0 0.58359375 0.4703125 0.2359375 0.06796875
0 0.625 0.4140625 0.20859375 0.08515625
0 0.60859375 0.68046875 0.20390625 0.09453125