0 0.26901041666666664 0.72109375 0.18460648148148148 0.18159722222222213
0 0.3808449074074074 0.679861111111111 0.14340277777777777 0.2487268518518519
0 0.5600983796296296 0.48700810185185184 0.11105324074074083 0.21788194444444448
0 0.5261574074074075 0.621875 0.17442129629629619 0.3278935185185185
0 0.26157407407407407 0.5416666666666666 0.18755787037037042 0.21915509259259275
0 0.39979745370370373 0.506105324074074 0.08755787037037041 0.17332175925925916
0 0.6418113425925925 0.3085358796296296 0.1043981481481481 0.206712962962963
0 0.24580439814814814 0.4605034722222222 0.1085648148148148 0.15069444444444446
0 0.5578993055555556 0.3140335648148148 0.08090277777777785 0.20428240740740744
0 0.6251157407407407 0.695949074074074 0.07899305555555554 0.19484953703703703
0 0.47907986111111106 0.519994212962963 0.07586805555555572 0.1947337962962962
0 0.28515625 0.32740162037037035 0.1195023148148148 0.23535879629629627
0 0.6844618055555556 0.5933159722222222 0.09774305555555554 0.4061921296296296
0 0.4911747685185185 0.32016782407407407 0.07361111111111107 0.21805555555555553
0 0.4213252314814815 0.32618634259259255 0.08067129629629637 0.24016203703703703
0 0.621730324074074 0.4916377314814815 0.08315972222222215 0.22309027777777785
0 0.35086805555555556 0.5175925925925926 0.053009259259259256 0.16736111111111107
0 0.709375 0.3008680555555555 0.05740740740740744 0.2018518518518519
0 0.47971643518518514 0.73515625 0.0549768518518519 0.09409722222222214
0 0.3573206018518518 0.3433738425925926 0.07853009259259255 0.2244791666666667
0 0.21348379629629627 0.3192708333333333 0.07986111111111108 0.21828703703703703
0 0.5244502314814815 0.7524594907407407 0.05555555555555554 0.06759259259259257
0 0.19343171296296297 0.7339409722222222 0.028587962962962975 0.09780092592592596
0 0.38796296296296295 0.7622685185185185 0.084375 0.08738425925925916