0 0.32890625 0.70625 0.26953125 0.1140625
0 0.26171875 0.44296875 0.20234375 0.20546875
0 0.3296875 0.77734375 0.24375 0.0875
0 0.25625 0.33046875 0.2015625 0.09921875
0 0.55703125 0.72109375 0.19609375 0.16953125
0 0.74765625 0.70234375 0.18359375 0.17734375
0 0.72265625 0.575 0.1765625 0.15234375
0 0.6296875 0.365625 0.3 0.17109375
0 0.3703125 0.5890625 0.178125 0.16484375
0 0.46640625 0.38203125 0.23828125 0.19609375
0 0.275 0.63125 0.140625 0.0875
0 0.55625 0.5828125 0.22421875 0.184375
0 0.48125 0.265625 0.2390625 0.0671875
0 0.59375 0.4515625 0.33984375 0.09296875
0 0.45625 0.73828125 0.16875 0.11484375
0 0.696875 0.42421875 0.1609375 0.06953125
0 0.28125 0.559375 0.190625 0.08125
0 0.68984375 0.48046875 0.1625 0.05390625
0 0.26171875 0.26328125 0.20859375 0.05
0 0.365625 0.47421875 0.10625 0.06484375
0 0.3546875 0.36015625 0.053125 0.08671875
0 0.546875 0.4765625 0.1890625 0.05546875
0 0.65625 0.26484375 0.27109375 0.06875