0 0.6671875 0.54609375 0.24453125 0.09765625
0 0.68828125 0.29140625 0.2671875 0.10859375
0 0.19375 0.75 0.234375 0.1234375
0 0.43671875 0.60078125 0.23125 0.1078125
0 0.69375 0.20546875 0.25234375 0.08828125
0 0.459375 0.29375 0.23046875 0.090625
0 0.2296875 0.17734375 0.27421875 0.07734375
0 0.23125 0.246875 0.28046875 0.08671875
0 0.4640625 0.20546875 0.27578125 0.1015625
0 0.61328125 0.78828125 0.26875 0.09375
0 0.45234375 0.53515625 0.2609375 0.09375
0 0.65234375 0.6078125 0.25390625 0.09921875
0 0.6578125 0.69921875 0.25078125 0.10859375
0 0.22734375 0.33984375 0.26875 0.10390625
0 0.20625 0.5734375 0.271875 0.09453125
0 0.44921875 0.36171875 0.26171875 0.096875
0 0.2234375 0.42109375 0.2765625 0.09765625
0 0.21328125 0.51640625 0.28359375 0.05703125
0 0.63046875 0.4515625 0.28359375 0.0765625
0 0.215625 0.66640625 0.26171875 0.10859375
0 0.44375 0.69765625 0.2375 0.10546875
0 0.36953125 0.7734375 0.21796875 0.109375
0 0.43125 0.421875 0.2875 0.10546875
0 0.68046875 0.37734375 0.2484375 0.09609375