0 0.6510011574074074 0.6891261574074073 0.30543981481481486 0.17196759259259267
0 0.7024652777777778 0.2188483796296296 0.37393518518518504 0.1583449074074074
0 0.6922395833333332 0.5402256944444443 0.3809722222222224 0.21179398148148146
0 0.3103472222222222 0.4452719907407408 0.43030092592592595 0.169074074074074
0 0.2926736111111111 0.7951388888888888 0.4227662037037037 0.18741898148148142
0 0.6739062499999999 0.40768518518518515 0.34096064814814825 0.14570601851851847
0 0.7010069444444446 0.3172858796296296 0.3861574074074074 0.1402430555555556
0 0.24733796296296298 0.6936631944444445 0.49466435185185187 0.1927083333333332
0 0.3205150462962963 0.5493518518518519 0.36456018518518524 0.15785879629629634
0 0.3052025462962963 0.2129050925925926 0.44578703703703704 0.16050925925925927
0 0.28639467592592593 0.32317129629629626 0.5019444444444444 0.15717592592592594
0 0.674855324074074 0.7651736111111112 0.3334259259259259 0.1640509259259261
0 0.1538078703703704 0.7890682870370369 0.12832175925925923 0.12531250000000008