0 0.2993923611111111 0.8195833333333333 0.4304861111111111 0.2125
0 0.6541145833333333 0.8345659722222223 0.3225000000000001 0.16871527777777756
0 0.24472222222222223 0.7254340277777778 0.48944444444444446 0.19979166666666667
0 0.31329861111111107 0.4890798611111111 0.4467361111111111 0.1570833333333333
0 0.6978645833333333 0.6251562500000001 0.3718055555555555 0.22548611111111114
0 0.3288888888888889 0.5962326388888889 0.3720138888888889 0.15999999999999998
0 0.6726909722222223 0.4870486111111111 0.3366666666666667 0.1365972222222222
0 0.6997395833333334 0.3011631944444445 0.359375 0.1563194444444445
0 0.6992361111111112 0.40055555555555555 0.3709027777777779 0.13499999999999995
0 0.34133680555555557 0.2633159722222222 0.4811111111111111 0.15861111111111112
0 0.2836458333333333 0.38130208333333326 0.4825694444444445 0.12125000000000004
0 0.6650694444444444 0.7465972222222222 0.3659375000000001 0.1987152777777778