0 0.2909143518518518 0.8571006944444445 0.2542592592592593 0.08218749999999986
0 0.5196354166666667 0.7340104166666667 0.2574537037037038 0.08694444444444435
0 0.5130960648148148 0.8201215277777777 0.24991898148148142 0.10552083333333329
0 0.5085069444444444 0.668611111111111 0.2620023148148148 0.07767361111111111
0 0.2893576388888889 0.6992708333333333 0.26083333333333336 0.10420138888888886
0 0.49329282407407404 0.32743055555555556 0.23268518518518527 0.10201388888888889
0 0.5011111111111111 0.48590277777777774 0.23870370370370378 0.08652777777777772
0 0.29670717592592594 0.7733506944444445 0.27496527777777785 0.10920138888888893
0 0.4870081018518519 0.4307291666666667 0.24215277777777794 0.10847222222222222
0 0.27944444444444444 0.6103993055555555 0.27487268518518526 0.10295138888888893
0 0.48953125000000003 0.6010416666666666 0.29541666666666655 0.11902777777777765
0 0.26864583333333336 0.5145138888888889 0.2854861111111111 0.0813194444444445
0 0.7577430555555555 0.8225 0.2604166666666668 0.07607638888888886
0 0.7532754629629629 0.7319444444444445 0.2704629629629629 0.12159722222222218
0 0.2600115740740741 0.45921874999999995 0.26715277777777774 0.10902777777777786
0 0.6521064814814814 0.23324652777777777 0.27792824074074074 0.09833333333333334
0 0.27195023148148145 0.3682986111111111 0.26717592592592593 0.11059027777777786
0 0.7151099537037038 0.31859375 0.24674768518518525 0.10232638888888887
0 0.7471296296296297 0.6336111111111111 0.26388888888888895 0.09958333333333336
0 0.7203877314814815 0.5693402777777778 0.27298611111111126 0.08104166666666668
0 0.4009606481481482 0.26696180555555554 0.24215277777777794 0.10847222222222222
0 0.23788773148148148 0.28465277777777775 0.23613425925925924 0.12395833333333331
0 0.7070775462962963 0.4094270833333333 0.27648148148148144 0.106111111111111
0 0.7306712962962962 0.4722048611111111 0.2576851851851851 0.10256944444444435