0 0.6655555555555556 0.503263888888889 0.23971064814814813 0.09281249999999996
0 0.21704282407407405 0.7140451388888889 0.2226967592592592 0.11586805555555557
0 0.43235532407407407 0.5615798611111111 0.20071759259259264 0.10131944444444443
0 0.6879108796296296 0.25116319444444446 0.26171296296296287 0.1104861111111111
0 0.6865219907407407 0.16914930555555557 0.24592592592592588 0.08826388888888888
0 0.4919039351851852 0.47821180555555554 0.2817708333333332 0.0765625
0 0.6574247685185185 0.5659548611111112 0.2475231481481483 0.09298611111111103
0 0.23398726851851853 0.1534201388888889 0.27089120370370373 0.08413194444444443
0 0.4338020833333333 0.65140625 0.21634259259259264 0.10166666666666657
0 0.6203877314814814 0.7347743055555556 0.26783564814814814 0.09343749999999992
0 0.4375925925925926 0.3192361111111111 0.2318518518518518 0.08638888888888889
0 0.2423668981481481 0.22980902777777779 0.28195601851851854 0.1015625
0 0.6572685185185184 0.6503472222222222 0.25234953703703694 0.11184027777777779
0 0.2367534722222222 0.6323437500000001 0.25703703703703706 0.11194444444444436
0 0.22591435185185188 0.5403819444444444 0.2725347222222222 0.09510416666666668
0 0.23577546296296298 0.3948263888888889 0.2741203703703704 0.09826388888888893
0 0.2301851851851852 0.4840277777777778 0.28164351851851854 0.059375
0 0.23745370370370372 0.3049305555555556 0.2617013888888889 0.10892361111111111
0 0.46311342592592586 0.17802083333333335 0.2710532407407406 0.10600694444444443
0 0.6768634259259259 0.34204861111111107 0.24131944444444448 0.09909722222222221
0 0.6406539351851851 0.41161458333333334 0.2723842592592593 0.07479166666666667
0 0.39220486111111114 0.73203125 0.19759259259259263 0.10124999999999992
0 0.4216782407407408 0.3860069444444444 0.2554513888888888 0.10878472222222228
0 0.4684027777777778 0.25916666666666666 0.24751157407407404 0.09142361111111112