0 0.736545138888889 0.7019791666666666 0.32106481481481486 0.15155092592592592
0 0.7409722222222221 0.25166666666666665 0.3704282407407408 0.13510416666666672
0 0.72578125 0.43245949074074075 0.3487847222222221 0.14103009259259255
0 0.36883680555555554 0.4611979166666666 0.430324074074074 0.15004629629629634
0 0.3830439814814815 0.8025810185185185 0.40405092592592595 0.15746527777777786
0 0.7441261574074074 0.5689814814814815 0.4101851851851851 0.19659722222222217
0 0.38816550925925924 0.5609664351851851 0.36134259259259255 0.14277777777777773
0 0.7356770833333333 0.3408564814814815 0.40104166666666663 0.1183796296296297
0 0.32960069444444445 0.6892476851851852 0.4828125 0.17581018518518512
0 0.364380787037037 0.23535879629629627 0.4455439814814815 0.13934027777777783
0 0.3304976851851852 0.3546759259259259 0.46319444444444446 0.10993055555555564
0 0.7264756944444445 0.7888946759259259 0.3374421296296298 0.12993055555555558