0 0.7654166666666666 0.19122685185185184 0.21820601851851862 0.07035879629629634
0 0.5602372685185186 0.2122800925925926 0.22156249999999994 0.08600694444444441
0 0.3594212962962963 0.21142361111111113 0.23858796296296295 0.07519675925925924
0 0.35964699074074075 0.2793981481481481 0.23112268518518517 0.09857638888888891
0 0.7594502314814815 0.26315393518518515 0.2449305555555556 0.08149305555555557
0 0.5487905092592593 0.28346643518518516 0.24192129629629627 0.08928240740740741
0 0.35851851851851857 0.3614467592592593 0.20749999999999993 0.08590277777777774
0 0.568431712962963 0.34348379629629633 0.21062499999999992 0.08592592592592592
0 0.7634664351851852 0.32328703703703704 0.21060185185185176 0.08436342592592591
0 0.7654166666666666 0.4021875 0.22310185185185177 0.0844560185185184
0 0.5817881944444444 0.4012037037037037 0.25152777777777774 0.1049768518518519
0 0.39694444444444443 0.42366898148148147 0.257175925925926 0.06439814814814807
0 0.3605787037037037 0.5005092592592593 0.20127314814814817 0.0874189814814816
0 0.5588888888888889 0.4904456018518518 0.21981481481481496 0.07349537037037024
0 0.7642418981481481 0.4811111111111111 0.24630787037037027 0.06900462962962965
0 0.7642592592592592 0.5350231481481481 0.23254629629629625 0.08921296296296291
0 0.5722685185185185 0.5497280092592594 0.2044675925925926 0.09212962962962976
0 0.3785648148148148 0.5542881944444444 0.23240740740740745 0.0798379629629629
0 0.3625115740740741 0.6309780092592593 0.20598379629629626 0.08901620370370367
0 0.5523321759259259 0.6280092592592592 0.19180555555555562 0.0810995370370371
0 0.7536747685185186 0.6116724537037037 0.2263425925925926 0.09229166666666658
0 0.7765914351851853 0.6818229166666667 0.19998842592592592 0.10615740740740734
0 0.6275115740740741 0.6923032407407408 0.22643518518518527 0.09854166666666675
0 0.4065914351851852 0.7056597222222223 0.26356481481481475 0.07381944444444458