0 0.7188368055555555 0.6613946759259259 0.16840277777777785 0.2449305555555556
0 0.7556712962962963 0.3906481481481482 0.1257523148148147 0.27429398148148143
0 0.6430555555555555 0.3866898148148148 0.16921296296296298 0.26680555555555563
0 0.3586516203703704 0.6790335648148147 0.1075810185185185 0.2476041666666667
0 0.4645543981481482 0.6704456018518519 0.152662037037037 0.24168981481481477
0 0.5026041666666666 0.4325115740740741 0.14513888888888893 0.20726851851851844
0 0.5786747685185185 0.20891782407407405 0.1570023148148149 0.27452546296296293
0 0.5897858796296297 0.6565335648148147 0.1408564814814815 0.2181712962962962
0 0.7162326388888889 0.19041087962962963 0.12748842592592596 0.27899305555555554
0 0.4500868055555555 0.23764467592592595 0.1567708333333334 0.31045138888888885
0 0.3295138888888889 0.22972222222222222 0.12065972222222224 0.26332175925925927