0 0.27109375 0.2890625 0.16171875 0.05078125
0 0.41875 0.29921875 0.16171875 0.0640625
0 0.5640625 0.29921875 0.16171875 0.05546875
0 0.2765625 0.33359375 0.1734375 0.05546875
0 0.4171875 0.35234375 0.16484375 0.06796875
0 0.5640625 0.3453125 0.1625 0.06484375
0 0.27890625 0.38671875 0.18828125 0.0703125
0 0.42109375 0.39375 0.1640625 0.06171875
0 0.56875 0.40546875 0.146875 0.06796875
0 0.27734375 0.44140625 0.175 0.0578125
0 0.4078125 0.43828125 0.18984375 0.0671875
0 0.53984375 0.4515625 0.17890625 0.046875
0 0.546875 0.6546875 0.19296875 0.05390625
0 0.3875 0.65234375 0.16953125 0.0671875
0 0.2765625 0.65234375 0.15078125 0.06953125
0 0.28671875 0.6 0.1734375 0.0609375
0 0.4375 0.61171875 0.14609375 0.0625
0 0.57265625 0.5953125 0.17109375 0.0640625
0 0.57109375 0.503125 0.14375 0.0609375
0 0.56484375 0.55078125 0.16640625 0.0609375
0 0.42265625 0.55234375 0.1484375 0.065625
0 0.271875 0.53984375 0.165625 0.0609375
0 0.27578125 0.50078125 0.175 0.04765625
0 0.4296875 0.50703125 0.1375 0.0546875