0 0.4453125 0.2953125 0.246875 0.096875
0 0.659375 0.5453125 0.24375 0.0984375
0 0.184375 0.753125 0.23046875 0.11953125
0 0.43125 0.51640625 0.2265625 0.06875
0 0.41328125 0.596875 0.21328125 0.1078125
0 0.44921875 0.20390625 0.271875 0.10390625
0 0.68203125 0.290625 0.26484375 0.1125
0 0.6984375 0.20703125 0.2375 0.08515625
0 0.22265625 0.17578125 0.2734375 0.0765625
0 0.60703125 0.78984375 0.26796875 0.08984375
0 0.215625 0.32890625 0.26171875 0.11015625
0 0.65 0.60625 0.253125 0.096875
0 0.40390625 0.69609375 0.225 0.10234375
0 0.20546875 0.6734375 0.26328125 0.109375
0 0.19921875 0.57265625 0.2734375 0.09921875
0 0.64921875 0.7 0.2546875 0.10625
0 0.20703125 0.50625 0.29453125 0.05625
0 0.22578125 0.25859375 0.2875 0.1046875
0 0.21640625 0.41953125 0.278125 0.09921875
0 0.63203125 0.45078125 0.2765625 0.0765625
0 0.41953125 0.42578125 0.23515625 0.096875
0 0.6734375 0.38359375 0.24140625 0.09921875
0 0.3671875 0.75859375 0.21640625 0.12578125
0 0.44453125 0.359375 0.25859375 0.1046875