0 0.20598379629629632 0.2758275462962963 0.07513888888888891 0.21664351851851854
0 0.22147569444444443 0.4652025462962963 0.09067129629629633 0.21374999999999994
0 0.21493055555555554 0.6597222222222222 0.08005787037037031 0.22452546296296294
0 0.4943402777777778 0.46221064814814816 0.09214120370370367 0.21064814814814808
0 0.6891261574074073 0.24546874999999999 0.09921296296296304 0.18576388888888892
0 0.5053993055555555 0.6429224537037037 0.085798611111111 0.20743055555555542
0 0.5582002314814816 0.44361689814814814 0.09002314814814802 0.19187499999999993
0 0.3005671296296296 0.46012152777777776 0.08451388888888892 0.21678240740740745
0 0.29402199074074076 0.6546412037037037 0.09076388888888891 0.21687499999999993
0 0.6363483796296296 0.44399305555555557 0.0932407407407407 0.19504629629629627
0 0.35139467592592594 0.45931134259259265 0.08442129629629633 0.21365740740740727
0 0.2752604166666667 0.2854513888888889 0.08791666666666664 0.22620370370370368
0 0.6919444444444445 0.3877604166666667 0.09811342592592602 0.20136574074074076
0 0.6191550925925926 0.25928240740740743 0.10317129629629633 0.21393518518518517
0 0.5574247685185185 0.6280613425925926 0.08910879629629634 0.21372685185185175
0 0.7053877314814814 0.5935185185185186 0.08516203703703695 0.23865740740740743
0 0.3389814814814815 0.27154513888888887 0.09398148148148149 0.22004629629629627
0 0.6345138888888888 0.6378009259259259 0.09811342592592602 0.20136574074074076
0 0.40846643518518516 0.27413773148148146 0.09131944444444447 0.23562500000000003
0 0.5348263888888889 0.2564699074074074 0.08322916666666665 0.22613425925925928
0 0.36982638888888886 0.6549826388888889 0.08726851851851851 0.2043287037037036
0 0.4066840277777778 0.43980902777777775 0.10395833333333329 0.24049768518518527
0 0.42649884259259263 0.6151793981481481 0.06958333333333329 0.23998842592592595
0 0.4909375000000001 0.2605092592592593 0.05813657407407398 0.2226388888888889