0 0.66171875 0.2765625 0.30234375 0.15546875
0 0.70625 0.74453125 0.371875 0.13828125
0 0.70078125 0.4234375 0.378125 0.1921875
0 0.3171875 0.53828125 0.42890625 0.146875
0 0.3046875 0.1890625 0.41953125 0.16640625
0 0.68046875 0.55703125 0.3390625 0.12734375
0 0.70625 0.64609375 0.384375 0.11953125
0 0.2578125 0.29296875 0.4921875 0.1671875
0 0.32890625 0.43359375 0.36171875 0.1390625
0 0.30859375 0.77109375 0.44375 0.13671875
0 0.29140625 0.66171875 0.5 0.13125
0 0.68671875 0.19921875 0.33046875 0.14765625
0 0.165625 0.20234375 0.12578125 0.11796875