0 0.7199305555555556 0.31743055555555555 0.15652777777777765 0.2970833333333333
0 0.43152777777777784 0.29416666666666663 0.15166666666666656 0.3594444444444445
0 0.23989583333333334 0.2734375 0.14937500000000004 0.396875
0 0.7853993055555556 0.6743923611111111 0.19229166666666658 0.43062500000000004
0 0.4357465277777778 0.6665451388888888 0.15666666666666665 0.443888888888889
0 0.5756597222222222 0.27378472222222217 0.20510416666666664 0.4449652777777778
0 0.6836284722222222 0.7211631944444444 0.17673611111111107 0.5036805555555555
0 0.8016493055555556 0.29453125 0.14184027777777786 0.3389236111111112
0 0.5495659722222221 0.6398090277777777 0.1726388888888888 0.3895833333333332
0 0.33859375 0.25953125 0.12468750000000002 0.4103819444444444
0 0.3278819444444444 0.7064236111111111 0.11850694444444443 0.4836458333333333
0 0.21031249999999999 0.6559375 0.15086805555555555 0.4640625