0 0.27642939814814815 0.1390625 0.248125 0.09351851851851851
0 0.6519444444444444 0.7403356481481481 0.2952546296296298 0.11244212962962977
0 0.489380787037037 0.16166087962962963 0.24840277777777775 0.11226851851851852
0 0.5063368055555555 0.2509259259259259 0.2605555555555556 0.08929398148148149
0 0.7312789351851852 0.23868634259259255 0.26258101851851856 0.1206018518518519
0 0.4840509259259259 0.487818287037037 0.25598379629629625 0.09693287037037042
0 0.4748900462962963 0.5553819444444444 0.23287037037037042 0.11793981481481489
0 0.2764236111111111 0.2969618055555555 0.2937615740740741 0.11707175925925925
0 0.7377719907407407 0.14933449074074073 0.2572916666666668 0.07980324074074074
0 0.47073495370370366 0.3804398148148148 0.2919907407407408 0.10295138888888893
0 0.6891666666666667 0.4036168981481481 0.2823148148148148 0.08229166666666679
0 0.4022048611111111 0.7144097222222222 0.22664351851851858 0.1192708333333334
0 0.2559490740740741 0.39230324074074074 0.2622800925925926 0.10028935185185191
0 0.2286516203703704 0.7130208333333334 0.22041666666666665 0.1206018518518519
0 0.4771064814814815 0.6522280092592593 0.24206018518518527 0.10578703703703703
0 0.2814699074074074 0.21548032407407405 0.27648148148148144 0.11018518518518512
0 0.7006828703703704 0.6533275462962963 0.2467939814814816 0.1090856481481481
0 0.24238425925925924 0.5319444444444444 0.2576620370370371 0.10480324074074084
0 0.7224537037037037 0.32890625 0.2622337962962963 0.0971643518518519
0 0.6923090277777778 0.562962962962963 0.2685763888888889 0.10364583333333321
0 0.4886400462962962 0.3227141203703704 0.26193287037037044 0.07685185185185181
0 0.252650462962963 0.4862268518518519 0.27923611111111113 0.08530092592592595
0 0.2516435185185185 0.6293113425925926 0.26729166666666665 0.12233796296296298
0 0.7131539351851852 0.49262152777777785 0.24509259259259258 0.09965277777777785