0 0.75703125 0.2769270833333334 0.1984375 0.06065972222222218
0 0.7234375 0.5714236111111111 0.240625 0.07409722222222222
0 0.721875 0.7769270833333334 0.215625 0.07666666666666658
0 0.72890625 0.49864583333333334 0.225 0.07375000000000007
0 0.740625 0.42729166666666674 0.2046875 0.079548611111111
0 0.53203125 0.5045833333333334 0.1828125 0.07593750000000003
0 0.7046875 0.6335590277777777 0.23125 0.0770138888888889
0 0.52265625 0.6336979166666666 0.1625 0.05986111111111114
0 0.57734375 0.7387326388888888 0.159375 0.11291666666666664
0 0.7140625 0.6997569444444445 0.2421875 0.11475694444444447
0 0.5640625 0.4179340277777778 0.221875 0.11743055555555557
0 0.52421875 0.5813194444444444 0.2 0.09038194444444443
0 0.38359375 0.2977256944444444 0.2375 0.08652777777777772
0 0.56328125 0.3523263888888889 0.225 0.09562500000000007
0 0.365625 0.598125 0.240625 0.14597222222222223
0 0.35546875 0.3553819444444445 0.1875 0.0807291666666666
0 0.3171875 0.7109201388888889 0.175 0.18201388888888878
0 0.3171875 0.4757638888888889 0.109375 0.11493055555555554
0 0.4328125 0.43569444444444444 0.3140625 0.21322916666666672
0 0.74296875 0.34052083333333333 0.215625 0.10166666666666666
0 0.55234375 0.29866319444444445 0.234375 0.0895833333333333
0 0.49375 0.7202777777777778 0.2265625 0.18315972222222215