0 0.19943287037037039 0.2853587962962963 0.22037037037037038 0.1174768518518519
0 0.22563078703703704 0.5252604166666666 0.28208333333333335 0.06666666666666679
0 0.23584490740740743 0.845775462962963 0.2667361111111111 0.08483796296296298
0 0.4541666666666667 0.508738425925926 0.25152777777777774 0.11238425925925917
0 0.37191550925925926 0.28003472222222225 0.23284722222222215 0.1163773148148148
0 0.6947916666666667 0.8338831018518519 0.24339120370370376 0.09021990740740726
0 0.6563483796296297 0.5052951388888889 0.24348379629629627 0.09646990740740727
0 0.6060590277777778 0.2730902777777778 0.2637731481481481 0.09565972222222223
0 0.4729513888888889 0.8280092592592592 0.29212962962962974 0.11232638888888893
0 0.4646354166666667 0.7410300925925926 0.23254629629629625 0.09606481481481488
0 0.41586805555555556 0.34803240740740743 0.22956018518518526 0.10532407407407404
0 0.6795138888888889 0.7513310185185185 0.2546759259259259 0.1140625
0 0.22634837962962964 0.3628761574074074 0.2625115740740741 0.11591435185185181
0 0.4182407407407407 0.6135995370370371 0.25770833333333343 0.10792824074074084
0 0.24321180555555558 0.76328125 0.2732175925925926 0.10069444444444428
0 0.6439930555555555 0.3564814814814815 0.24530092592592592 0.11371527777777786
0 0.2152951388888889 0.4600694444444445 0.26850694444444445 0.09895833333333322
0 0.42739004629629634 0.4405960648148149 0.20456018518518526 0.1043981481481481
0 0.4504398148148148 0.6788194444444444 0.2355555555555556 0.08836805555555553
0 0.2307523148148148 0.6074363425925926 0.26699074074074075 0.10202546296296297
0 0.23355324074074074 0.6910879629629629 0.26407407407407407 0.11597222222222214
0 0.6350231481481481 0.5942997685185185 0.2604166666666668 0.0799189814814815
0 0.6468055555555556 0.4409143518518519 0.24509259259259258 0.09965277777777785
0 0.6758391203703704 0.661400462962963 0.23576388888888894 0.10243055555555554