0 0.6202372685185186 0.7334201388888888 0.25201388888888887 0.1738194444444444
0 0.34671296296296295 0.764230324074074 0.27943287037037046 0.13182870370370364
0 0.34942129629629626 0.651545138888889 0.2738888888888889 0.17511574074074082
0 0.6592650462962963 0.3736863425925926 0.25189814814814826 0.11150462962962955
0 0.644380787037037 0.47938078703703707 0.2480787037037036 0.15800925925925924
0 0.40366898148148145 0.5121354166666666 0.2133796296296296 0.14972222222222237
0 0.17507523148148146 0.5832233796296297 0.28105324074074073 0.1630787037037038
0 0.6230150462962963 0.6042824074074075 0.22407407407407404 0.1456828703703703
0 0.1483738425925926 0.7203472222222222 0.2842013888888889 0.13366898148148146
0 0.2114872685185185 0.45529513888888884 0.3168287037037037 0.16208333333333336
0 0.21069444444444443 0.3345659722222222 0.2681712962962964 0.1249305555555555