0 0.1952372685185185 0.29380787037037037 0.2299189814814815 0.12592592592592594
0 0.1868113425925926 0.8597222222222222 0.2796296296296296 0.09849537037037023
0 0.20313078703703705 0.5313657407407407 0.2893634259259259 0.07899305555555554
0 0.43861689814814814 0.529976851851852 0.2373611111111112 0.12025462962962977
0 0.6481712962962962 0.8734953703703704 0.25793981481481476 0.1
0 0.6425289351851852 0.5317418981481482 0.25206018518518525 0.10578703703703703
0 0.3589351851851852 0.29887152777777776 0.21879629629629632 0.12199074074074075
0 0.1953009259259259 0.7826678240740741 0.28368055555555555 0.1143518518518519
0 0.2264988425925926 0.37537615740740743 0.28001157407407407 0.1311921296296296
0 0.6077951388888889 0.2969039351851852 0.2834027777777777 0.1096643518518519
0 0.4127199074074074 0.3711226851851852 0.21824074074074068 0.11261574074074066
0 0.19796296296296295 0.4729166666666666 0.2786226851851852 0.10775462962962976
0 0.6375462962962963 0.47016782407407404 0.2584953703703704 0.109375
0 0.6389236111111112 0.7912037037037037 0.2812962962962963 0.1266203703703704
0 0.4306481481481482 0.46582754629629636 0.240486111111111 0.12048611111111107
0 0.6524305555555555 0.6956886574074075 0.2463657407407407 0.11469907407407405
0 0.4140277777777778 0.6403645833333333 0.315300925925926 0.12291666666666679
0 0.20244791666666667 0.622337962962963 0.2821180555555555 0.11423611111111107
0 0.4262905092592592 0.7644675925925926 0.2614351851851852 0.10648148148148166
0 0.5992881944444445 0.6258391203703704 0.2916666666666668 0.09160879629629619
0 0.19809027777777777 0.7091145833333334 0.2732060185185185 0.12135416666666679
0 0.6489351851851852 0.383912037037037 0.252986111111111 0.12141203703703703
0 0.42395254629629625 0.8568865740740741 0.2651157407407407 0.11608796296296298
0 0.4175868055555556 0.6994791666666667 0.30905092592592603 0.12245370370370381