0 0.65 0.74765625 0.1234375 0.1390625
0 0.5375 0.7359375 0.16328125 0.15859375
0 0.5953125 0.62421875 0.2609375 0.11640625
0 0.41640625 0.734375 0.15703125 0.15390625
0 0.5859375 0.50078125 0.14375 0.12734375
0 0.2734375 0.746875 0.140625 0.14453125
0 0.47421875 0.49453125 0.1125 0.13046875
0 0.34609375 0.6234375 0.29765625 0.11015625
0 0.3609375 0.49609375 0.12578125 0.1234375
0 0.60390625 0.38125 0.1671875 0.13515625
0 0.28125 0.4671875 0.125 0.18359375
0 0.428125 0.39296875 0.14296875 0.13359375
0 0.64921875 0.47890625 0.1609375 0.16171875