0 0.27203125000000006 0.7455729166666667 0.06791666666666671 0.2698611111111111
0 0.3475520833333333 0.7784548611111111 0.11374999999999993 0.20847222222222223
0 0.7261979166666667 0.7127604166666666 0.13583333333333342 0.25888888888888884
0 0.5905729166666667 0.4803993055555556 0.18343750000000014 0.22406249999999997
0 0.7266666666666667 0.47406249999999994 0.1822916666666666 0.20687500000000014
0 0.7914583333333333 0.70875 0.10479166666666657 0.23791666666666664
0 0.46364583333333337 0.7763541666666667 0.23135416666666658 0.217326388888889
0 0.35677083333333337 0.3901736111111111 0.17958333333333334 0.30666666666666664
0 0.5633854166666666 0.30661458333333336 0.1526041666666666 0.1828125
0 0.6889062499999999 0.28210069444444447 0.19197916666666667 0.18836805555555552
0 0.60375 0.6663541666666667 0.17416666666666672 0.17861111111111114
0 0.38416666666666666 0.5436805555555555 0.22666666666666657 0.2640277777777779
0 0.65625 0.7634722222222222 0.09906249999999997 0.1285763888888889
0 0.4786458333333333 0.43968749999999995 0.09572916666666664 0.3360069444444445
0 0.26119791666666664 0.5362673611111111 0.08447916666666666 0.23746527777777776
0 0.24322916666666666 0.3720486111111111 0.08624999999999998 0.31083333333333335
0 0.58328125 0.757170138888889 0.1036458333333334 0.1973263888888889
0 0.7426041666666666 0.5610069444444445 0.17114583333333327 0.20350694444444456
0 0.5016666666666667 0.6796875 0.08552083333333335 0.15947916666666676
0 0.4298958333333333 0.65625 0.08968749999999996 0.08156250000000007