0 0.7912789351851852 0.752818287037037 0.07520833333333332 0.2255324074074075
0 0.7060648148148149 0.5451331018518519 0.09092592592592581 0.23189814814814813
0 0.7800636574074074 0.34956597222222224 0.076724537037037 0.22241898148148137
0 0.4253761574074074 0.5578993055555556 0.08092592592592603 0.1896412037037038
0 0.49349537037037033 0.5482465277777778 0.08738425925925916 0.20374999999999996
0 0.7746990740740741 0.5534548611111111 0.09393518518518515 0.2241087962962963
0 0.3569907407407408 0.3745601851851852 0.10011574074074074 0.21946759259259263
0 0.36721064814814813 0.7395196759259259 0.1003009259259259 0.23196759259259264
0 0.5796296296296296 0.7465624999999999 0.08157407407407398 0.2333912037037038
0 0.7257581018518519 0.7453009259259259 0.09414351851851847 0.23817129629629646
0 0.6546527777777778 0.7455555555555555 0.09722222222222214 0.23506944444444428
0 0.7097048611111111 0.3521701388888888 0.09719907407407398 0.23350694444444448
0 0.44356481481481486 0.7541493055555556 0.08148148148148149 0.2271412037037038
0 0.6379108796296297 0.3461689814814815 0.08738425925925916 0.20375000000000004
0 0.4257638888888889 0.37350694444444443 0.07828703703703699 0.22243055555555555
0 0.5005729166666667 0.7561342592592591 0.0723148148148148 0.2411342592592593
0 0.2918576388888889 0.6045717592592592 0.0996990740740741 0.19134259259259262
0 0.35369791666666667 0.5440856481481482 0.09528935185185183 0.21005787037037038
0 0.4854976851851852 0.3497280092592593 0.0875694444444445 0.21625000000000005
0 0.29875578703703703 0.7718287037037037 0.09487268518518518 0.18193287037037037
0 0.5653414351851852 0.39251157407407405 0.06618055555555565 0.24890046296296298
0 0.28229745370370374 0.4060416666666667 0.07695601851851848 0.23804398148148137
0 0.5875405092592593 0.5817592592592593 0.08927083333333333 0.22563657407407406
0 0.6380034722222222 0.5508796296296297 0.09391203703703717 0.2225462962962963