0 0.5704050925925926 0.6132407407407408 0.1907754629629629 0.1397916666666667
0 0.38364583333333335 0.6062962962962963 0.15814814814814815 0.14194444444444443
0 0.23804398148148148 0.5365219907407408 0.14236111111111108 0.19138888888888878
0 0.43989583333333326 0.4993460648148148 0.12643518518518526 0.1332060185185185
0 0.3233506944444445 0.5051388888888889 0.13571759259259258 0.1319212962962963
0 0.55203125 0.4890046296296296 0.15115740740740743 0.1292592592592591
0 0.5641261574074073 0.36386574074074074 0.2696296296296296 0.12809027777777776
0 0.3888078703703704 0.2559780092592593 0.16238425925925926 0.160787037037037
0 0.2463483796296296 0.2516203703703704 0.1524537037037037 0.15113425925925927
0 0.5112789351851852 0.25546875 0.17525462962962965 0.1674074074074074
0 0.31058449074074074 0.37839699074074074 0.3131018518518518 0.1246990740740741
0 0.622957175925926 0.23968171296296298 0.1364583333333332 0.1444212962962963
0 0.6107523148148148 0.5114409722222222 0.15494212962962967 0.16680555555555543