0 0.24753472222222223 0.7862326388888888 0.4104629629629629 0.1973032407407409
0 0.25278935185185186 0.6120428240740742 0.43960648148148157 0.215949074074074
0 0.4384895833333333 0.18395833333333336 0.39787037037037043 0.1950925925925926
0 0.4569502314814814 0.3640509259259259 0.4159143518518519 0.26300925925925933
0 0.18505787037037036 0.20508680555555556 0.35504629629629625 0.20844907407407404
0 0.5211805555555555 0.5410648148148148 0.33777777777777784 0.23247685185185177
0 0.19935185185185184 0.420011574074074 0.34879629629629627 0.20812500000000006
0 0.8414872685185186 0.2979513888888889 0.31702546296296286 0.20418981481481485
0 0.8589496527777778 0.809091435185185 0.2821006944444445 0.17918981481481494
0 0.8528269675925927 0.6722916666666666 0.2943460648148147 0.21372685185185175
0 0.848119212962963 0.4676851851851852 0.30376157407407406 0.20114583333333336