0 0.7753761574074074 0.5478645833333333 0.22650462962962958 0.1985069444444445
0 0.5024305555555555 0.2856944444444444 0.17222222222222214 0.1805208333333333
0 0.6305266203703703 0.5986458333333333 0.1403935185185185 0.2974652777777777
0 0.477025462962963 0.6286631944444444 0.14456018518518512 0.18552083333333336
0 0.7681712962962963 0.676875 0.19259259259259257 0.16118055555555558
0 0.7993923611111111 0.3929513888888889 0.23275462962962976 0.19878472222222224
0 0.461255787037037 0.47119791666666666 0.22222222222222232 0.3088888888888889
0 0.33304398148148145 0.5830729166666666 0.15879629629629627 0.209513888888889
0 0.8312210648148148 0.2172222222222222 0.21666666666666642 0.19184027777777776
0 0.6613425925925925 0.27786458333333336 0.15190972222222215 0.3898611111111111
0 0.4760706018518519 0.18654513888888888 0.24259259259259275 0.16340277777777779
0 0.3691550925925926 0.34953124999999996 0.17048611111111117 0.19913194444444446
0 0.4979166666666666 0.43128472222222225 0.15486111111111106 0.1984375