0 0.70703125 0.24210069444444446 0.053125 0.20743055555555562
0 0.41796875 0.2821180555555555 0.071875 0.23909722222222224
0 0.20859375 0.2969270833333334 0.0703125 0.2390625
0 0.4890625 0.27194444444444443 0.0671875 0.2202430555555555
0 0.55546875 0.25953125 0.075 0.20322916666666666
0 0.3578125 0.4803298611111111 0.05 0.1604861111111111
0 0.35625 0.30380208333333336 0.078125 0.22986111111111107
0 0.63203125 0.4343923611111111 0.08125 0.22368055555555558
0 0.6390625 0.24517361111111108 0.09375 0.2005208333333334
0 0.28359375 0.2952604166666667 0.109375 0.24618055555555562
0 0.56875 0.43814236111111116 0.10625 0.22423611111111122
0 0.4859375 0.4673263888888889 0.071875 0.18909722222222225
0 0.40625 0.46597222222222223 0.0796875 0.17052083333333332
0 0.39921875 0.6403472222222222 0.140625 0.246875
0 0.69375 0.6173958333333334 0.084375 0.23312500000000008
0 0.64140625 0.6435590277777778 0.071875 0.19222222222222224
0 0.28203125 0.6937326388888889 0.1765625 0.1789236111111112
0 0.53984375 0.6997222222222221 0.0609375 0.0794791666666665
0 0.55234375 0.5736631944444445 0.203125 0.32638888888888895
0 0.2546875 0.4380902777777778 0.128125 0.16378472222222218
0 0.134375 0.675138888888889 0.028125 0.17874999999999996
0 0.2734375 0.5087673611111111 0.203125 0.22326388888888893
0 0.6953125 0.45095486111111105 0.08125 0.22680555555555557