0 0.49734375000000003 0.3159664351851852 0.09534722222222225 0.25187500000000007
0 0.8268055555555556 0.2737268518518518 0.09392361111111107 0.2549074074074074
0 0.7426041666666666 0.28263310185185186 0.11479166666666671 0.2686111111111111
0 0.31350694444444444 0.7796122685185185 0.12236111111111114 0.22854166666666664
0 0.44953125000000005 0.5443923611111111 0.103263888888889 0.21961805555555552
0 0.8362326388888889 0.5034606481481482 0.11173611111111122 0.26998842592592587
0 0.8719791666666665 0.7261516203703703 0.08850694444444471 0.2732870370370371
0 0.6552083333333334 0.290162037037037 0.10430555555555543 0.24305555555555552
0 0.5174479166666666 0.5215682870370371 0.10729166666666679 0.24011574074074069
0 0.43831597222222224 0.32729745370370367 0.09847222222222225 0.25206018518518525
0 0.68671875 0.523287037037037 0.10229166666666671 0.26787037037037037
0 0.7471354166666667 0.5079571759259259 0.1004513888888889 0.2615277777777777
0 0.359375 0.5426851851851853 0.10854166666666672 0.26824074074074067
0 0.27123263888888893 0.3747974537037037 0.09951388888888886 0.27549768518518525
0 0.29640625 0.6239641203703703 0.11944444444444446 0.23304398148148148
0 0.4025868055555556 0.7571006944444445 0.09861111111111107 0.25518518518518507
0 0.7974826388888889 0.7242997685185186 0.109375 0.2869907407407407
0 0.632170138888889 0.7411458333333333 0.10427083333333335 0.27733796296296287
0 0.5432812499999999 0.7503298611111111 0.06875 0.2845833333333335
0 0.48649305555555566 0.7591782407407408 0.09944444444444436 0.27393518518518506
0 0.35223958333333333 0.3292650462962963 0.11864583333333326 0.2501388888888888
0 0.5874826388888889 0.3349074074074074 0.08083333333333335 0.2759490740740741
0 0.7254513888888889 0.7426678240740741 0.11791666666666671 0.2687962962962963
0 0.6246354166666667 0.5363657407407407 0.10979166666666665 0.2963657407407407