0 0.67578125 0.53046875 0.25390625 0.09375
0 0.70546875 0.2734375 0.27734375 0.1078125
0 0.19765625 0.73515625 0.22890625 0.12265625
0 0.709375 0.18515625 0.26328125 0.084375
0 0.43828125 0.58515625 0.22109375 0.1078125
0 0.240625 0.15625 0.2828125 0.0796875
0 0.44453125 0.49609375 0.2015625 0.06640625
0 0.61875 0.77421875 0.284375 0.09453125
0 0.45703125 0.68828125 0.240625 0.11640625
0 0.24140625 0.2328125 0.2921875 0.1046875
0 0.665625 0.59453125 0.26015625 0.096875
0 0.22265625 0.4953125 0.296875 0.0578125
0 0.23203125 0.6609375 0.278125 0.11171875
0 0.66015625 0.6859375 0.26953125 0.10859375
0 0.215625 0.55546875 0.278125 0.09609375
0 0.2390625 0.3171875 0.28515625 0.1125
0 0.46796875 0.34453125 0.25625 0.10078125
0 0.2578125 0.40234375 0.3390625 0.0984375
0 0.43671875 0.409375 0.2953125 0.11875
0 0.65078125 0.43515625 0.29140625 0.07734375
0 0.7015625 0.36796875 0.25625 0.0984375
0 0.4734375 0.1828125 0.27578125 0.1046875
0 0.403125 0.76640625 0.16953125 0.09453125
0 0.47578125 0.2734375 0.2578125 0.10078125