0 0.31194444444444447 0.4428472222222222 0.25465277777777773 0.11624999999999996
0 0.33136574074074077 0.29117476851851853 0.25152777777777774 0.11608796296296298
0 0.73171875 0.7208506944444444 0.2732407407407408 0.10628472222222225
0 0.6079803240740741 0.220625 0.21416666666666656 0.12351851851851858
0 0.7282870370370371 0.7944097222222222 0.25118055555555563 0.09265046296296298
0 0.27686342592592594 0.7030613425925927 0.2765046296296297 0.11582175925925924
0 0.2869386574074074 0.6026157407407406 0.2608101851851853 0.11032407407407412
0 0.39281828703703703 0.20055555555555554 0.2888657407407408 0.10709490740740737
0 0.5327488425925926 0.45091435185185186 0.24824074074074076 0.1049884259259258
0 0.5044965277777778 0.7771296296296296 0.2546990740740741 0.11937499999999997
0 0.7506481481481482 0.5496874999999999 0.27013888888888893 0.10768518518518526
0 0.5491840277777778 0.29002893518518513 0.23902777777777776 0.11543981481481484
0 0.5420196759259259 0.5628472222222222 0.2920138888888889 0.10881944444444436
0 0.5540104166666666 0.3857986111111111 0.23601851851851857 0.12309027777777785
0 0.2670659722222222 0.7847569444444444 0.2637731481481482 0.0995486111111111
0 0.801417824074074 0.23167245370370368 0.23464120370370373 0.13550925925925927
0 0.7620196759259259 0.46712962962962956 0.2854398148148148 0.08662037037037038
0 0.773894675925926 0.40328125000000004 0.26724537037037044 0.12314814814814809
0 0.33156250000000004 0.38328124999999996 0.2655439814814815 0.1136921296296296
0 0.5096759259259259 0.6909895833333334 0.2683912037037038 0.09510416666666668
0 0.3402662037037037 0.5334953703703704 0.2917361111111111 0.09006944444444435
0 0.7690104166666667 0.3114178240740741 0.26722222222222225 0.1215856481481481
0 0.5208969907407408 0.618587962962963 0.26990740740740743 0.09206018518518526
0 0.740642361111111 0.6454456018518518 0.2580787037037037 0.13672453703703696