0 0.320775462962963 0.2985474537037037 0.13467592592592598 0.27226851851851847
0 0.5849131944444445 0.22365162037037037 0.21984953703703702 0.20928240740740742
0 0.2881828703703704 0.5326967592592593 0.1770138888888889 0.1970949074074074
0 0.6335300925925926 0.44291666666666674 0.2077314814814816 0.24167824074074068
0 0.3000983796296296 0.7132754629629631 0.19217592592592592 0.18974537037037037
0 0.7003530092592593 0.22335069444444447 0.10872685185185187 0.20287037037037034
0 0.29159143518518515 0.409375 0.12185185185185184 0.16114583333333332
0 0.4183796296296297 0.5202604166666667 0.1900810185185186 0.2333564814814814
0 0.4217534722222222 0.6870543981481482 0.1511805555555556 0.1822916666666666
0 0.4341724537037037 0.34587962962962965 0.17526620370370374 0.19392361111111106
0 0.39722222222222225 0.24559027777777778 0.09215277777777775 0.13375000000000004
0 0.569693287037037 0.6647337962962963 0.07800925925925917 0.15828703703703706
0 0.7461168981481482 0.45127893518518514 0.08300925925925924 0.24266203703703706
0 0.2499594907407407 0.2959664351851852 0.09145833333333328 0.2273148148148149
0 0.5372164351851852 0.31787037037037036 0.07680555555555557 0.13797453703703705
0 0.5231886574074075 0.5545891203703703 0.08222222222222228 0.3346643518518519
0 0.7695138888888888 0.22754050925925923 0.0657175925925925 0.21407407407407408
0 0.6049884259259259 0.3454976851851852 0.10177083333333332 0.05916666666666668
0 0.6408101851851852 0.6095949074074074 0.17337962962962977 0.2936921296296296
0 0.4716724537037037 0.23948495370370368 0.09760416666666671 0.19942129629629637
0 0.636076388888889 0.6105150462962963 0.16712962962962957 0.2935069444444444