0 0.6912789351851851 0.7805150462962963 0.2239583333333334 0.0719444444444445
0 0.7586226851851852 0.2950462962962963 0.19993055555555567 0.09050925925925926
0 0.31136574074074075 0.7575578703703704 0.2066898148148148 0.07025462962962976
0 0.6937384259259259 0.7180208333333333 0.23373842592592595 0.079826388888889
0 0.6068055555555556 0.2860185185185185 0.20642361111111107 0.0952430555555555
0 0.5035532407407407 0.7561342592592594 0.2125115740740741 0.09216435185185183
0 0.7268923611111111 0.3647858796296296 0.21908564814814824 0.09846064814814817
0 0.5074421296296296 0.6811342592592593 0.22592592592592595 0.07976851851851859
0 0.3183391203703704 0.6833159722222222 0.223287037037037 0.08912037037037024
0 0.4022280092592593 0.2703530092592593 0.23505787037037038 0.0751504629629629
0 0.5216898148148148 0.4967245370370371 0.20159722222222207 0.062407407407407335
0 0.3569907407407407 0.41984953703703703 0.21967592592592594 0.07972222222222225
0 0.5466319444444444 0.42234953703703704 0.19171296296296295 0.08263888888888893
0 0.7090046296296297 0.574212962962963 0.23562499999999992 0.08608796296296291
0 0.5386921296296296 0.5754745370370371 0.24252314814814824 0.09863425925925924
0 0.5491203703703704 0.3442361111111111 0.1982870370370371 0.08893518518518517
0 0.5211342592592592 0.6279282407407407 0.2242013888888888 0.0766319444444445
0 0.7032696759259259 0.654693287037037 0.22994212962962948 0.09697916666666657
0 0.7303298611111111 0.44910300925925933 0.23053240740740738 0.07824074074074083
0 0.32234953703703706 0.6059722222222221 0.20733796296296295 0.08275462962962976
0 0.3674131944444444 0.5501909722222222 0.24074074074074064 0.06425925925925924
0 0.7224421296296295 0.5108564814814814 0.23351851851851854 0.045462962962962906
0 0.35635416666666664 0.34175925925925926 0.20626157407407408 0.0921180555555555
0 0.3465046296296296 0.47146990740740746 0.21342592592592596 0.07967592592592591