0 0.21171875 0.721875 0.2234375 0.10859375
0 0.23671875 0.1578125 0.275 0.078125
0 0.23359375 0.4859375 0.2859375 0.05703125
0 0.46796875 0.5046875 0.23046875 0.10390625
0 0.696875 0.178125 0.25390625 0.08125
0 0.67109375 0.51796875 0.246875 0.08671875
0 0.375 0.72890625 0.2125 0.10703125
0 0.240625 0.23515625 0.27734375 0.09453125
0 0.24765625 0.64296875 0.2734375 0.11015625
0 0.62265625 0.74921875 0.27890625 0.0890625
0 0.4328125 0.6609375 0.2125 0.096875
0 0.225 0.54375 0.2734375 0.0875
0 0.6625 0.57890625 0.253125 0.090625
0 0.6828125 0.259375 0.27421875 0.10703125
0 0.45625 0.56796875 0.234375 0.10390625
0 0.690625 0.35546875 0.24140625 0.096875
0 0.45 0.39296875 0.30859375 0.10078125
0 0.23828125 0.3953125 0.2765625 0.09296875
0 0.46953125 0.2703125 0.25625 0.08828125
0 0.63359375 0.42109375 0.28828125 0.0703125
0 0.2390625 0.30859375 0.2671875 0.10078125
0 0.66875 0.665625 0.246875 0.103125
0 0.47265625 0.178125 0.25859375 0.09765625
0 0.45703125 0.334375 0.303125 0.10078125