0 0.705 0.7851041666666667 0.13305555555555557 0.25427083333333333
0 0.12123263888888888 0.7668576388888889 0.08736111111111114 0.27979166666666655
0 0.4491493055555555 0.7642534722222223 0.06666666666666679 0.3058680555555554
0 0.19647569444444443 0.7597222222222222 0.10666666666666665 0.2927083333333334
0 0.16914930555555557 0.28579861111111116 0.09597222222222221 0.2628125
0 0.7247569444444444 0.6215451388888888 0.12732638888888878 0.2307291666666666
0 0.5153472222222222 0.3108854166666667 0.10513888888888871 0.2583333333333333
0 0.37572916666666667 0.5723263888888889 0.1209027777777778 0.2618055555555555
0 0.7598611111111111 0.35852430555555553 0.106388888888889 0.2864583333333333
0 0.37048611111111107 0.7605381944444444 0.11277777777777782 0.2897222222222222
0 0.25732638888888887 0.28618055555555555 0.12159722222222218 0.2774305555555555
0 0.15857638888888886 0.54125 0.11618055555555555 0.2257986111111112
0 0.5229861111111112 0.7711979166666666 0.10482638888888882 0.28642361111111114
0 0.5572916666666666 0.5612673611111111 0.10590277777777786 0.20527777777777773
0 0.25319444444444444 0.5196354166666667 0.11083333333333334 0.2459722222222222
0 0.6171527777777778 0.7597395833333334 0.11684027777777786 0.2757638888888888
0 0.5775347222222222 0.3165277777777778 0.10868055555555553 0.2677777777777777
0 0.3199652777777778 0.527517361111111 0.11152777777777771 0.2615972222222222
0 0.6709722222222222 0.32147569444444446 0.12131944444444435 0.27118055555555554
0 0.28454861111111107 0.7624479166666667 0.12159722222222218 0.2774305555555555
0 0.4188888888888889 0.3387847222222222 0.08791666666666664 0.29229166666666667
0 0.3506597222222222 0.29347222222222225 0.11423611111111107 0.25229166666666664
0 0.4858680555555555 0.48246527777777776 0.10874999999999986 0.3395833333333334
0 0.6549131944444444 0.5247569444444444 0.10687499999999997 0.2271527777777777