0 0.2453125 0.23515625 0.21328125 0.07734375
0 0.4421875 0.25234375 0.20859375 0.0859375
0 0.640625 0.25859375 0.21015625 0.06640625
0 0.63671875 0.325 0.2109375 0.090625
0 0.44609375 0.32890625 0.21796875 0.08515625
0 0.2453125 0.29921875 0.24453125 0.09375
0 0.63203125 0.409375 0.20625 0.09296875
0 0.43359375 0.38828125 0.20546875 0.09296875
0 0.24140625 0.35859375 0.215625 0.0953125
0 0.234375 0.43359375 0.225 0.08359375
0 0.41328125 0.44296875 0.24140625 0.11171875
0 0.59609375 0.46640625 0.26484375 0.07734375
0 0.2296875 0.5125 0.22421875 0.071875
0 0.428125 0.53125 0.2171875 0.08359375
0 0.62734375 0.54765625 0.196875 0.0921875
0 0.6109375 0.596875 0.240625 0.08828125
0 0.41796875 0.5890625 0.21875 0.0875
0 0.22578125 0.57109375 0.221875 0.084375
0 0.6109375 0.67578125 0.1953125 0.090625
0 0.4375 0.66796875 0.20078125 0.08125
0 0.2296875 0.6484375 0.2390625 0.0890625
0 0.55859375 0.74609375 0.2375 0.07578125
0 0.3578125 0.7328125 0.2171875 0.0875
0 0.20390625 0.715625 0.1859375 0.09921875