0 0.5860069444444445 0.6841435185185185 0.2511805555555554 0.10601851851851851
0 0.36083333333333334 0.44207175925925923 0.24812499999999993 0.10746527777777785
0 0.8265972222222222 0.21666666666666665 0.2365972222222222 0.1288773148148148
0 0.5902430555555556 0.4625289351851851 0.2296180555555555 0.07714120370370381
0 0.6046354166666668 0.3813946759259259 0.21729166666666658 0.11568287037037032
0 0.5861631944444444 0.7756944444444445 0.27645833333333325 0.11319444444444429
0 0.3494965277777778 0.6975983796296296 0.270625 0.12233796296296298
0 0.3368055555555555 0.7817997685185185 0.24124999999999996 0.0931712962962962
0 0.8139756944444445 0.7954282407407407 0.27684027777777764 0.08668981481481489
0 0.4023090277777778 0.19560185185185186 0.2727777777777778 0.10057870370370373
0 0.8142013888888888 0.6420428240740741 0.26743055555555556 0.12065972222222214
0 0.3675 0.38078703703703703 0.2574305555555556 0.10625
0 0.6096006944444444 0.2818287037037037 0.22958333333333325 0.1114583333333334
0 0.8090451388888888 0.29713541666666665 0.26736111111111105 0.11909722222222223
0 0.8197743055555555 0.39768518518518514 0.2778819444444444 0.11012731481481479
0 0.3641145833333333 0.2870081018518518 0.25940972222222225 0.11568287037037042
0 0.8149131944444445 0.464380787037037 0.29624999999999985 0.06712962962962958
0 0.807170138888889 0.7127314814814815 0.2921527777777776 0.11533564814814809
0 0.809392361111111 0.5514467592592592 0.28256944444444443 0.11030092592592596
0 0.3923784722222222 0.5355902777777778 0.2799652777777778 0.08680555555555554
0 0.6059895833333334 0.5527199074074074 0.23868055555555542 0.10555555555555571
0 0.3539583333333334 0.6043113425925926 0.24506944444444442 0.10891203703703703
0 0.6435416666666667 0.21796875 0.22118055555555555 0.13298611111111108
0 0.5839409722222222 0.6200520833333333 0.26402777777777775 0.11429398148148148