0 0.7111342592592592 0.34985532407407405 0.2559953703703705 0.10625
0 0.6805960648148147 0.6653935185185185 0.25158564814814816 0.11545138888888892
0 0.25949652777777776 0.2320601851851852 0.27616898148148145 0.10231481481481489
0 0.6972685185185185 0.5153935185185186 0.2530555555555555 0.11238425925925917
0 0.4034953703703704 0.7366608796296296 0.21739583333333332 0.12042824074074084
0 0.4646932870370371 0.6640046296296296 0.2436805555555555 0.11203703703703702
0 0.4717361111111112 0.5057581018518519 0.25259259259259254 0.09675925925925917
0 0.676394675925926 0.576388888888889 0.2701041666666667 0.10833333333333321
0 0.7101967592592592 0.2654224537037037 0.28209490740740756 0.09160879629629637
0 0.2581712962962963 0.1609375 0.2570023148148148 0.08755787037037033
0 0.6246875 0.7581886574074074 0.29652777777777783 0.10462962962962959
0 0.46160300925925923 0.4013310185185185 0.29736111111111113 0.13275462962962958
0 0.48627893518518517 0.17829861111111112 0.2577430555555555 0.11255787037037032
0 0.4603993055555556 0.571875 0.24074074074074064 0.11817129629629637
0 0.7247453703703703 0.17572337962962964 0.26504629629629617 0.09565972222222223
0 0.662505787037037 0.42439236111111106 0.2928472222222222 0.08576388888888893
0 0.48960648148148145 0.26420717592592596 0.2774074074074074 0.09143518518518512
0 0.24655092592592592 0.4022569444444445 0.26849537037037036 0.10671296296296298
0 0.23972222222222223 0.4885416666666666 0.28655092592592596 0.08396990740740726
0 0.23132523148148149 0.5482928240740741 0.2656944444444444 0.11753472222222214
0 0.2130034722222222 0.7218171296296296 0.2363773148148148 0.12893518518518512
0 0.24104166666666665 0.6386574074074074 0.26886574074074077 0.11921296296296298
0 0.4849363425925926 0.3441550925925926 0.25837962962962957 0.08136574074074074
0 0.2583854166666667 0.3001446759259259 0.2620601851851852 0.10023148148148149