0 0.768431712962963 0.10078125 0.27222222222222214 0.10569444444444445
0 0.5228298611111111 0.14055555555555557 0.29155092592592596 0.12215277777777778
0 0.503732638888889 0.23499999999999996 0.25815972222222217 0.1050694444444444
0 0.50546875 0.48295138888888883 0.2617476851851851 0.11770833333333322
0 0.528587962962963 0.5536805555555555 0.24131944444444448 0.1136805555555556
0 0.5170717592592593 0.6540277777777778 0.27268518518518514 0.11819444444444435
0 0.5826099537037036 0.7166319444444444 0.2557291666666668 0.12368055555555557
0 0.759519675925926 0.6994097222222222 0.2450231481481481 0.12944444444444442
0 0.26637731481481486 0.24164930555555558 0.28252314814814816 0.1311111111111111
0 0.2704861111111111 0.15177083333333333 0.26435185185185184 0.10378472222222221
0 0.7374131944444444 0.6223958333333333 0.285474537037037 0.1265625
0 0.5122685185185185 0.2993576388888889 0.2608796296296296 0.09427083333333339
0 0.3362847222222222 0.7548784722222222 0.28784722222222214 0.10638888888888882
0 0.2627604166666667 0.3393055555555556 0.2538773148148149 0.11579861111111107
0 0.29693287037037036 0.5748958333333333 0.2723958333333333 0.11038194444444435
0 0.7545717592592593 0.5171180555555556 0.28940972222222217 0.10645833333333332
0 0.751244212962963 0.2700173611111111 0.27268518518518514 0.11819444444444445
0 0.748900462962963 0.18588541666666666 0.3037037037037038 0.11333333333333337
0 0.7515046296296297 0.45251736111111107 0.3005208333333334 0.06951388888888879
0 0.32494212962962965 0.40829861111111115 0.29965277777777777 0.08819444444444446
0 0.2943287037037037 0.6662673611111112 0.26348379629629626 0.12246527777777771
0 0.7517071759259258 0.3628125 0.29103009259259255 0.10809027777777783
0 0.553443287037037 0.3669444444444444 0.2755787037037038 0.11208333333333335
0 0.2650173611111111 0.5100173611111111 0.25121527777777775 0.12815972222222224