0 0.23260416666666664 0.67734375 0.39611111111111114 0.246875
0 0.6669270833333334 0.64453125 0.40354166666666663 0.159375
0 0.22335069444444447 0.77734375 0.23562499999999992 0.196875
0 0.31269097222222225 0.55390625 0.3789236111111111 0.10625
0 0.4666666666666667 0.8671875 0.13121527777777775 0.06875
0 0.7114236111111112 0.4 0.40979166666666667 0.159375
0 0.6635937499999999 0.79453125 0.32572916666666674 0.1734375
0 0.8297743055555555 0.76953125 0.2111458333333335 0.2203125
0 0.3691319444444444 0.15859375 0.34920138888888885 0.2453125
0 0.6294097222222221 0.25859375 0.40041666666666664 0.3
0 0.40812499999999996 0.3375 0.3100347222222222 0.240625
0 0.23640625 0.40078125 0.3321527777777778 0.18125
0 0.3984375 0.7734375 0.41163194444444445 0.2421875
0 0.6981249999999999 0.5765625 0.5660416666666667 0.159375
0 0.44722222222222224 0.6171875 0.13677083333333329 0.1078125