0 0.2640625 0.7844560185185185 0.42177083333333343 0.20716435185185186
0 0.44609375 0.17494791666666668 0.4058333333333334 0.20166666666666666
0 0.26171875 0.6091608796296295 0.44499999999999995 0.20525462962962954
0 0.2175520833333333 0.4137905092592592 0.3885416666666667 0.22256944444444446
0 0.45010416666666664 0.34020833333333333 0.4291666666666666 0.22467592592592583
0 0.87078125 0.7986805555555556 0.25843750000000015 0.18446759259259266
0 0.5377083333333333 0.5565162037037037 0.33770833333333333 0.20747685185185177
0 0.18572916666666667 0.2050462962962963 0.3564583333333333 0.20844907407407404
0 0.8423697916666667 0.28471064814814817 0.31526041666666665 0.2072337962962963
0 0.8580989583333334 0.4681307870370371 0.2838020833333331 0.19087962962962965
0 0.86265625 0.6664872685185186 0.2746874999999999 0.22072916666666664