0 0.38084490740740745 0.6922743055555556 0.1267939814814815 0.262638888888889
0 0.7866319444444445 0.7043229166666667 0.11099537037037024 0.2803703703703704
0 0.29835069444444445 0.41546296296296303 0.11973379629629637 0.20932870370370366
0 0.6383391203703704 0.45024305555555555 0.11417824074074083 0.3023379629629629
0 0.8753472222222222 0.22825810185185186 0.09722222222222214 0.2624421296296296
0 0.47280092592592593 0.6836863425925925 0.1206018518518519 0.28405092592592585
0 0.7999710648148148 0.2382175925925926 0.12204861111111107 0.2825810185185185
0 0.37485532407407407 0.47370370370370374 0.11782407407407405 0.24655092592592603
0 0.868923611111111 0.45933449074074073 0.1255787037037038 0.26723379629629634
0 0.6331597222222222 0.6663368055555556 0.10347222222222215 0.3048148148148149
0 0.2896701388888889 0.6372569444444445 0.11597222222222223 0.3055555555555555
0 0.5338541666666667 0.702824074074074 0.11741898148148149 0.26208333333333333
0 0.8841435185185185 0.7071759259259259 0.11087962962962976 0.27880787037037036
0 0.7152488425925926 0.7046296296296296 0.10190972222222214 0.2627199074074074
0 0.5353009259259259 0.468119212962963 0.10827546296296298 0.26465277777777774
0 0.3057002314814815 0.21807291666666667 0.13946759259259256 0.2447222222222222
0 0.6238715277777778 0.23374421296296294 0.11724537037037042 0.2807407407407408
0 0.47824074074074074 0.22746527777777778 0.12615740740740744 0.27504629629629634
0 0.7818287037037038 0.46998842592592593 0.10752314814814809 0.27549768518518525
0 0.4646701388888889 0.45739583333333333 0.12986111111111107 0.24104166666666665
0 0.39071180555555557 0.24285300925925926 0.1291666666666667 0.2736689814814815
0 0.5380787037037037 0.23019675925925925 0.0911458333333334 0.2854166666666667
0 0.725636574074074 0.24105324074074072 0.11487268518518512 0.2697106481481482
0 0.7239872685185185 0.4624305555555555 0.09646990740740743 0.2732870370370371