0 0.26819444444444446 0.20420138888888886 0.13305555555555557 0.25427083333333333
0 0.8547395833333333 0.24845486111111112 0.087361111111111 0.27979166666666666
0 0.52640625 0.23647569444444444 0.06666666666666679 0.30586805555555563
0 0.7799826388888889 0.25225694444444446 0.10666666666666665 0.2927083333333334
0 0.8495312500000001 0.7283333333333333 0.09597222222222221 0.26281250000000006
0 0.2629513888888889 0.3672048611111111 0.12732638888888886 0.2307291666666666
0 0.5004166666666666 0.687795138888889 0.10513888888888889 0.2583333333333334
0 0.6170486111111112 0.43204861111111115 0.12090277777777772 0.2618055555555555
0 0.2511805555555556 0.6291840277777778 0.10638888888888891 0.2864583333333332
0 0.6055555555555555 0.24369791666666668 0.11277777777777782 0.2897222222222222
0 0.7611458333333333 0.7240277777777778 0.12159722222222236 0.2774305555555555
0 0.8373958333333332 0.4728472222222223 0.11611111111111114 0.22423611111111122
0 0.45180555555555557 0.2262326388888889 0.10482638888888882 0.28642361111111114
0 0.43611111111111106 0.43505208333333334 0.10590277777777786 0.20527777777777773
0 0.7445138888888889 0.49029513888888887 0.11083333333333342 0.2459722222222222
0 0.3584722222222222 0.23352430555555553 0.11684027777777786 0.27576388888888886
0 0.4376041666666667 0.6793750000000001 0.10868055555555553 0.2677777777777779
0 0.6769097222222222 0.4794270833333333 0.11152777777777771 0.2615972222222222
0 0.3435416666666667 0.6702604166666666 0.12131944444444435 0.27118055555555554
0 0.6914930555555555 0.2456076388888889 0.12159722222222218 0.2774305555555555
0 0.5945833333333332 0.6641319444444445 0.08791666666666664 0.29229166666666656
0 0.6669791666666667 0.7125694444444445 0.11423611111111107 0.2522916666666667
0 0.5146875 0.5171875 0.10874999999999986 0.3395833333333334
0 0.34154513888888893 0.46729166666666666 0.10687499999999997 0.2271527777777777