0 0.8147685185185185 0.2610706018518519 0.08677083333333328 0.22608796296296294
0 0.8222974537037038 0.6647337962962963 0.08640046296296297 0.21983796296296293
0 0.7473090277777777 0.2686574074074074 0.09844907407407408 0.23874999999999993
0 0.7314930555555555 0.46278356481481475 0.09090277777777782 0.21678240740740745
0 0.7486284722222222 0.6597395833333334 0.1073611111111111 0.23107638888888893
0 0.8089699074074075 0.4530034722222222 0.10578703703703703 0.20451388888888894
0 0.5391203703703704 0.4568113425925926 0.07729166666666672 0.19784722222222229
0 0.5280497685185186 0.2568229166666667 0.06738425925925924 0.24141203703703704
0 0.6783622685185186 0.4487268518518519 0.08621527777777782 0.21671296296296294
0 0.6730324074074074 0.6617418981481482 0.09696759259259266 0.21374999999999994
0 0.46369791666666665 0.43539930555555556 0.09474537037037045 0.17624999999999993
0 0.68453125 0.26304398148148145 0.10883101851851862 0.2295370370370371
0 0.4762094907407407 0.2513715277777778 0.09201388888888892 0.23553240740740744
0 0.60484375 0.26186342592592593 0.09670138888888893 0.23560185185185184
0 0.4766087962962963 0.6400983796296297 0.09476851851851861 0.2293287037037036
0 0.6080787037037038 0.6194097222222222 0.07694444444444457 0.24467592592592596
0 0.5270254629629629 0.6478703703703703 0.09246527777777783 0.2168055555555556
0 0.39197916666666666 0.2657349537037037 0.1151736111111111 0.23119212962962968
0 0.38378472222222226 0.44358217592592597 0.09971064814814819 0.18100694444444443
0 0.39609375 0.6381249999999999 0.10726851851851844 0.22951388888888893
0 0.3200231481481482 0.3950231481481481 0.10329861111111108 0.18886574074074075
0 0.3221354166666667 0.6019039351851851 0.09100694444444439 0.24488425925925927
0 0.3219328703703704 0.24284143518518517 0.10734953703703702 0.2045370370370371
0 0.6173726851851852 0.4337731481481481 0.10782407407407409 0.23888888888888893