0 0.6078125 0.36875 0.1828125 0.13515625
0 0.4203125 0.38125 0.14921875 0.13828125
0 0.2703125 0.45546875 0.13046875 0.1875
0 0.4703125 0.48671875 0.11796875 0.1296875
0 0.35390625 0.484375 0.12734375 0.128125
0 0.58203125 0.49375 0.14453125 0.125
0 0.58671875 0.61875 0.26328125 0.1203125
0 0.4046875 0.73203125 0.15234375 0.15625
0 0.26171875 0.740625 0.14375 0.146875
0 0.52734375 0.72890625 0.16484375 0.1625
0 0.33359375 0.61171875 0.30703125 0.115625
0 0.63828125 0.74140625 0.12734375 0.14140625
0 0.6421875 0.46953125 0.1453125 0.1625