0 0.5114988425925926 0.671232638888889 0.10951388888888883 0.24446759259259263
0 0.2557175925925926 0.6904398148148149 0.12322916666666668 0.26799768518518513
0 0.7399537037037037 0.19930555555555554 0.13559027777777785 0.23528935185185187
0 0.578136574074074 0.4411689814814815 0.1198032407407407 0.23204861111111122
0 0.16949652777777777 0.6952719907407408 0.100625 0.2537731481481481
0 0.2699305555555555 0.4615509259259259 0.10261574074074069 0.2319212962962963
0 0.16543402777777777 0.2310011574074074 0.09238425925925928 0.27557870370370363
0 0.23488425925925926 0.2330787037037037 0.1020833333333333 0.2818981481481481
0 0.18140625 0.4655844907407407 0.11582175925925924 0.2757523148148149
0 0.7564814814814815 0.6191203703703704 0.10768518518518526 0.2694444444444445
0 0.5117013888888889 0.45630787037037035 0.10728009259259252 0.2616319444444445
0 0.5739872685185186 0.6568460648148149 0.11312499999999996 0.25386574074074064
0 0.6651099537037037 0.6629918981481481 0.12233796296296298 0.2508101851851851
0 0.32805555555555554 0.22986111111111113 0.11706018518518517 0.2695138888888889
0 0.5627430555555556 0.2104976851851852 0.10784722222222225 0.2725694444444445
0 0.3384259259259259 0.45189814814814816 0.1104861111111111 0.26321759259259264
0 0.4095081018518519 0.22655671296296295 0.11121527777777782 0.2772800925925926
0 0.5053472222222222 0.2171064814814815 0.07099537037037038 0.28479166666666667
0 0.4188715277777778 0.6338136574074074 0.09130787037037039 0.28494212962962956
0 0.6552256944444445 0.22056134259259258 0.1229861111111111 0.26331018518518523
0 0.6746469907407407 0.448917824074074 0.11856481481481485 0.23828703703703696
0 0.7542766203703704 0.3752604166666667 0.12071759259259274 0.2195601851851851
0 0.3995138888888889 0.434375 0.12115740740740746 0.28828703703703695
0 0.34206018518518516 0.6832638888888889 0.1097569444444444 0.24915509259259244