0 0.21333912037037037 0.7960763888888889 0.21766203703703707 0.07513888888888882
0 0.4185358796296296 0.7849537037037038 0.22437500000000005 0.09094907407407415
0 0.6199594907407407 0.795613425925926 0.24247685185185192 0.06962962962962962
0 0.6189872685185185 0.7228645833333334 0.227962962962963 0.10666666666666665
0 0.4332349537037038 0.7111053240740741 0.23071759259259253 0.0942592592592593
0 0.22304976851851852 0.7322453703703704 0.25254629629629627 0.09334490740740745
0 0.4260648148148148 0.5044618055555555 0.21803240740740754 0.08763888888888882
0 0.4099479166666667 0.4414293981481482 0.1965277777777777 0.09949074074074069
0 0.21149305555555556 0.3041840277777778 0.20447916666666668 0.10440972222222218
0 0.4232465277777778 0.36206597222222225 0.19790509259259254 0.09328703703703703
0 0.23105324074074077 0.38295717592592593 0.22750000000000004 0.09104166666666665
0 0.4170949074074074 0.6488541666666666 0.23347222222222222 0.08185185185185198
0 0.2258217592592593 0.6650810185185185 0.2261689814814815 0.09880787037037031
0 0.6160185185185185 0.6383275462962963 0.21187499999999987 0.09057870370370366
0 0.6038136574074073 0.44326388888888885 0.22418981481481487 0.08469907407407398
0 0.2204224537037037 0.4514525462962963 0.22740740740740736 0.08791666666666664
0 0.6154571759259259 0.36697916666666663 0.2089351851851852 0.09673611111111109
0 0.3704340277777778 0.29716435185185186 0.2026851851851852 0.09655092592592593
0 0.6146006944444444 0.5014467592592593 0.2116898148148149 0.08432870370370367
0 0.21958333333333332 0.5061631944444445 0.2342939814814815 0.05689814814814813
0 0.2288252314814815 0.5901041666666667 0.23687500000000003 0.09131944444444447
0 0.5809895833333334 0.5802083333333334 0.2456018518518519 0.06972222222222228
0 0.5739062500000001 0.2914641203703704 0.24284722222222221 0.08212962962962962
0 0.40074652777777775 0.5936342592592593 0.24965277777777786 0.10106481481481477
0 0.1291724537037037 0.6809837962962962 0.04394675925925924 0.06062499999999993