0 0.40078125 0.6515625 0.14140625 0.2421875
0 0.284375 0.6984375 0.1765625 0.175
0 0.5671875 0.44921875 0.0984375 0.2140625
0 0.5515625 0.5859375 0.16953125 0.31484375
0 0.271875 0.5140625 0.18515625 0.21484375
0 0.63515625 0.44921875 0.0921875 0.2234375
0 0.63984375 0.26640625 0.10078125 0.20078125
0 0.2546875 0.43984375 0.1109375 0.1734375
0 0.6390625 0.659375 0.07421875 0.19453125
0 0.41015625 0.47421875 0.08046875 0.1640625
0 0.4875 0.48203125 0.07265625 0.19375
0 0.5609375 0.27890625 0.07265625 0.20234375
0 0.2875 0.29453125 0.10859375 0.22578125
0 0.6890625 0.55078125 0.0828125 0.40546875
0 0.3578125 0.31328125 0.0765625 0.2328125
0 0.4875 0.69609375 0.05078125 0.10078125
0 0.3609375 0.4921875 0.05078125 0.1578125
0 0.41328125 0.29453125 0.0671875 0.2390625
0 0.53828125 0.71484375 0.05625 0.07578125
0 0.7140625 0.2578125 0.04765625 0.20078125
0 0.21484375 0.2953125 0.0734375 0.21953125
0 0.49453125 0.2859375 0.06796875 0.2171875
0 0.5765625 0.68359375 0.11015625 0.13203125
0 0.21875 0.478125 0.03828125 0.0953125