0 0.6257754629629629 0.7819618055555555 0.39942129629629636 0.17775462962962968
0 0.2735706018518519 0.777806712962963 0.29587962962962955 0.14810185185185176
0 0.6795081018518518 0.6874363425925927 0.4837037037037037 0.17275462962962962
0 0.26402199074074073 0.5787731481481482 0.4060416666666667 0.20284722222222218
0 0.6384143518518519 0.45606481481481487 0.4302314814814814 0.14853009259259267
0 0.6219618055555556 0.5648784722222222 0.36446759259259276 0.1381828703703704
0 0.27087962962962964 0.3794965277777778 0.4068634259259259 0.15287037037037035
0 0.27888888888888885 0.2606539351851852 0.35828703703703707 0.1427777777777778
0 0.27146990740740745 0.4450983796296296 0.37211805555555555 0.12736111111111104
0 0.6339236111111111 0.2319618055555556 0.4738888888888891 0.1429282407407408
0 0.2896759259259259 0.6924305555555555 0.33685185185185185 0.17214120370370373
0 0.6777083333333334 0.3344155092592592 0.46274305555555556 0.1287037037037037