0 0.23671875 0.2109375 0.215625 0.06875
0 0.44140625 0.228125 0.221875 0.08515625
0 0.64296875 0.2234375 0.24140625 0.06328125
0 0.63984375 0.29609375 0.22421875 0.10078125
0 0.45390625 0.30234375 0.228125 0.08828125
0 0.24453125 0.275 0.24921875 0.0859375
0 0.440625 0.50859375 0.215625 0.08203125
0 0.42265625 0.57109375 0.19375 0.09296875
0 0.2203125 0.70234375 0.2015625 0.09765625
0 0.43359375 0.65078125 0.19453125 0.08671875
0 0.2421875 0.62421875 0.22421875 0.08359375
0 0.4359375 0.3640625 0.23125 0.075
0 0.2453125 0.3421875 0.2234375 0.09140625
0 0.634375 0.38046875 0.20859375 0.08515625
0 0.61640625 0.575 0.22109375 0.078125
0 0.23359375 0.55546875 0.22578125 0.08125
0 0.62578125 0.6515625 0.20625 0.09140625
0 0.37890625 0.7140625 0.2 0.09140625
0 0.62890625 0.5171875 0.20859375 0.07734375
0 0.234375 0.50078125 0.2328125 0.04921875
0 0.24609375 0.4171875 0.234375 0.084375
0 0.59765625 0.4375 0.24375 0.06328125
0 0.58203125 0.72578125 0.23984375 0.07421875
0 0.41796875 0.41875 0.24609375 0.09296875
0 0.14921875 0.3234375 0.0421875 0.059375