0 0.7019733796296296 0.7731250000000001 0.3120717592592593 0.16233796296296302
0 0.7105439814814816 0.2422858796296296 0.3556597222222223 0.14175925925925928
0 0.34505787037037033 0.7993287037037037 0.40740740740740744 0.168287037037037
0 0.3471990740740741 0.45543981481481477 0.43068287037037045 0.14710648148148148
0 0.7048784722222223 0.42686921296296293 0.3196990740740741 0.1375694444444445
0 0.7246759259259259 0.5677199074074074 0.36395833333333344 0.20761574074074077
0 0.3636053240740741 0.5604456018518519 0.35731481481481475 0.15430555555555542
0 0.7276446759259259 0.33554976851851853 0.3633680555555555 0.12792824074074077
0 0.29814814814814816 0.6905381944444444 0.47781250000000003 0.1828703703703704
0 0.35647569444444444 0.23089699074074072 0.4447222222222223 0.14439814814814814
0 0.32057291666666665 0.3421412037037037 0.4727083333333334 0.1264814814814815
0 0.6887789351851852 0.6797453703703704 0.34826388888888893 0.19777777777777777