0 0.41204861111111113 0.6828125 0.17319444444444443 0.2
0 0.7156770833333332 0.740625 0.18815972222222221 0.1703125
0 0.41989583333333336 0.54375 0.15972222222222215 0.15625
0 0.5738541666666667 0.47578125 0.14444444444444446 0.171875
0 0.7080381944444445 0.43203125 0.20440972222222217 0.1984375
0 0.5898090277777778 0.63125 0.17555555555555563 0.165625
0 0.7168402777777777 0.58203125 0.17597222222222228 0.184375
0 0.42288194444444444 0.396875 0.16663194444444435 0.1859375
0 0.5880902777777777 0.76484375 0.17152777777777786 0.125
0 0.7143576388888888 0.29453125 0.181388888888889 0.146875
0 0.4217361111111112 0.275 0.1671180555555555 0.1375