0 0.6603935185185186 0.826244212962963 0.40865740740740736 0.17453703703703702
0 0.7112210648148148 0.7254513888888889 0.47442129629629637 0.1858564814814816
0 0.6514409722222222 0.4855034722222221 0.42706018518518507 0.15165509259259266
0 0.6343229166666667 0.5951041666666667 0.3770833333333332 0.15173611111111107
0 0.27328125000000003 0.4719560185185185 0.3520833333333333 0.15099537037037045
0 0.31109375 0.8104282407407407 0.31432870370370364 0.13269675925925953
0 0.27740740740740744 0.592337962962963 0.40902777777777777 0.199537037037037
0 0.27026041666666667 0.26804976851851847 0.37370370370370365 0.13445601851851857
0 0.6481423611111111 0.26284722222222223 0.45511574074074057 0.14780092592592595
0 0.31689814814814815 0.727824074074074 0.3240046296296296 0.15328703703703717
0 0.2615972222222222 0.3685300925925926 0.3798842592592592 0.12995370370370374
0 0.6839988425925926 0.36386574074074074 0.47657407407407426 0.12032407407407408