0 0.7089872685185185 0.253587962962963 0.06090277777777793 0.2071296296296296
0 0.4216956018518519 0.28597222222222224 0.07363425925925923 0.23856481481481479
0 0.7002835648148148 0.4498321759259259 0.06892361111111107 0.23537037037037045
0 0.21471643518518518 0.29607060185185186 0.07510416666666667 0.22608796296296294
0 0.559866898148148 0.2690798611111111 0.07650462962962976 0.20423611111111112
0 0.48957175925925933 0.48342592592592587 0.07020833333333343 0.1978935185185186
0 0.3593518518518518 0.3079918981481481 0.0767129629629629 0.2323611111111111
0 0.28891203703703705 0.2918460648148148 0.10791666666666666 0.2265740740740741
0 0.36378472222222225 0.4845081018518519 0.054328703703703685 0.16328703703703695
0 0.6425578703703703 0.25144675925925924 0.09832175925925916 0.19674768518518518
0 0.5696817129629629 0.4337962962962963 0.09848379629629633 0.21862268518518527
0 0.4129108796296297 0.47127893518518515 0.08247685185185176 0.16682870370370378
0 0.40405671296296297 0.6472106481481481 0.13930555555555557 0.24578703703703705
0 0.6314409722222223 0.4383506944444445 0.10483796296296291 0.23277777777777792
0 0.2564178240740741 0.44078125 0.11064814814814819 0.17349537037037024
0 0.6446990740740741 0.6459895833333333 0.07489583333333343 0.19796296296296295
0 0.2871990740740741 0.6934780092592593 0.17942129629629627 0.17763888888888885
0 0.7054861111111111 0.6247743055555556 0.0767129629629629 0.2323611111111111
0 0.5255960648148148 0.7055729166666667 0.10692129629629629 0.09219907407407409
0 0.2734085648148148 0.5194444444444445 0.18599537037037042 0.22148148148148153
0 0.49274305555555553 0.27866898148148145 0.07037037037037042 0.21976851851851853
0 0.5597858796296297 0.5745833333333333 0.22740740740740756 0.3283333333333333