0 0.12012731481481483 0.7377604166666666 0.10406249999999999 0.25510416666666663
0 0.19416087962962963 0.7392361111111111 0.1082986111111111 0.27392361111111113
0 0.2622337962962963 0.28831597222222227 0.12457175925925927 0.2852083333333333
0 0.1725752314814815 0.4978472222222222 0.11435185185185186 0.2444097222222222
0 0.24972800925925925 0.5125173611111111 0.09836805555555558 0.2643402777777778
0 0.2686053240740741 0.7469444444444445 0.1304398148148148 0.25256944444444435
0 0.3884548611111111 0.5414236111111111 0.12641203703703702 0.2899305555555555
0 0.3586921296296296 0.2931944444444444 0.11031250000000004 0.2552430555555555
0 0.1819097222222222 0.2744965277777778 0.09018518518518519 0.2579166666666667
0 0.49061921296296296 0.5290104166666667 0.10378472222222221 0.2504166666666666
0 0.3658449074074074 0.7518055555555556 0.10949074074074083 0.2677083333333332
0 0.5092187499999999 0.768125 0.12511574074074083 0.26805555555555555
0 0.4253530092592593 0.34008680555555554 0.09222222222222225 0.29229166666666667
0 0.5985590277777778 0.7614583333333333 0.12042824074074084 0.2679513888888888
0 0.5541666666666666 0.5494444444444444 0.12482638888888893 0.23684027777777777
0 0.6464930555555555 0.5450520833333333 0.11563657407407409 0.23975694444444445
0 0.3272974537037037 0.52015625 0.09662037037037034 0.2611805555555556
0 0.5790798611111111 0.32652777777777775 0.1155555555555555 0.2647222222222222
0 0.7081828703703703 0.61 0.12895833333333329 0.22756944444444435
0 0.44575810185185183 0.7593923611111111 0.0885416666666666 0.28284722222222225
0 0.6678645833333333 0.3292361111111111 0.12171296296296301 0.263298611111111
0 0.6780034722222222 0.7901215277777778 0.13576388888888893 0.23708333333333337
0 0.7523090277777779 0.37885416666666666 0.11097222222222225 0.2927083333333333
0 0.5216898148148148 0.30751736111111116 0.11462962962962955 0.24909722222222222