0 0.80921875 0.7490104166666667 0.1600347222222222 0.3211458333333333
0 0.27902777777777776 0.7261458333333334 0.1391319444444445 0.36343749999999986
0 0.8169097222222221 0.3930208333333333 0.16527777777777786 0.4166666666666667
0 0.47326388888888893 0.3747916666666667 0.14392361111111107 0.43864583333333335
0 0.46324652777777775 0.73140625 0.1352083333333333 0.3272916666666667
0 0.6050694444444444 0.7595833333333333 0.20493055555555556 0.37562500000000015
0 0.5790798611111111 0.3974479166666667 0.15166666666666656 0.36583333333333334
0 0.37314236111111115 0.7488020833333333 0.12524305555555557 0.3703125
0 0.7057291666666666 0.33958333333333335 0.17934027777777786 0.4878125
0 0.24928819444444442 0.37078125 0.14111111111111113 0.4525
0 0.35862847222222227 0.34140625 0.1229861111111111 0.47937499999999994
0 0.7151909722222222 0.7302604166666666 0.19520833333333343 0.359375