0 0.1428472222222222 0.7531944444444445 0.08673611111111112 0.2516898148148147
0 0.22085069444444444 0.7632928240740741 0.09496527777777777 0.2709027777777777
0 0.18055555555555555 0.5348263888888889 0.10743055555555556 0.2700810185185185
0 0.275 0.5443344907407408 0.08375000000000003 0.25775462962962975
0 0.34296875 0.5483622685185185 0.08357638888888888 0.24994212962962975
0 0.39944444444444444 0.5767418981481481 0.1 0.28680555555555554
0 0.29119791666666667 0.7658969907407407 0.10277777777777777 0.2713657407407407
0 0.5695833333333333 0.5946469907407408 0.10510416666666664 0.23561342592592585
0 0.6649652777777778 0.5971701388888888 0.10208333333333339 0.24011574074074069
0 0.1896875 0.2999016203703704 0.08381944444444445 0.2608796296296296
0 0.2700520833333333 0.3093576388888889 0.11670138888888885 0.26594907407407414
0 0.6357638888888889 0.8199537037037036 0.09940972222222229 0.2602430555555557
0 0.7054513888888889 0.8522453703703704 0.1206944444444444 0.23497685185185196
0 0.7336979166666666 0.6724305555555555 0.11906250000000007 0.2317592592592593
0 0.47809027777777774 0.804351851851852 0.08125 0.2856944444444444
0 0.5356770833333334 0.8179340277777778 0.10256944444444435 0.2619907407407407
0 0.36355902777777777 0.3258506944444444 0.09944444444444445 0.2618055555555555
0 0.38536458333333334 0.7879050925925926 0.0995486111111111 0.2664930555555557
0 0.43953125000000004 0.3569502314814815 0.07118055555555554 0.2538888888888889
0 0.5043229166666666 0.5743518518518519 0.09930555555555554 0.25555555555555554
0 0.6832465277777777 0.3729571759259259 0.10697916666666671 0.2497685185185185
0 0.5907465277777778 0.38155671296296295 0.10881944444444436 0.26236111111111116
0 0.5241493055555555 0.3510127314814815 0.10232638888888879 0.2510532407407407
0 0.7631944444444445 0.43636574074074075 0.0953125 0.2865277777777777