0 0.7492997685185185 0.23892939814814812 0.2255439814814814 0.08510416666666672
0 0.3452719907407408 0.2343923611111111 0.21929398148148146 0.08478009259259256
0 0.7402025462962963 0.30645254629629626 0.23812499999999998 0.09668981481481484
0 0.5454687500000001 0.32370949074074074 0.21620370370370381 0.08930555555555557
0 0.3486342592592592 0.3080324074074074 0.23038194444444446 0.1056597222222222
0 0.5569849537037037 0.24615162037037036 0.20381944444444428 0.10428240740740743
0 0.5471701388888889 0.5160590277777778 0.19736111111111115 0.07583333333333328
0 0.747175925925926 0.5256481481481481 0.24101851851851847 0.06560185185185183
0 0.5583622685185186 0.3767418981481481 0.2161689814814814 0.08461805555555557
0 0.34494791666666663 0.38365162037037037 0.21312499999999995 0.09539351851851849
0 0.5669328703703703 0.5913310185185185 0.17562499999999998 0.09344907407407418
0 0.7444270833333333 0.36919560185185185 0.22883101851851856 0.1071412037037037
0 0.7514814814814815 0.5774537037037037 0.2349652777777779 0.09184027777777785
0 0.7438368055555555 0.44888310185185193 0.2349884259259259 0.09496527777777786
0 0.36225115740740743 0.5799363425925926 0.22872685185185188 0.0930787037037037
0 0.38589120370370367 0.4482986111111112 0.24421296296296297 0.075138888888889
0 0.3555902777777778 0.5295717592592593 0.21621527777777771 0.09086805555555558
0 0.7352256944444445 0.6617997685185186 0.23043981481481488 0.11347222222222228
0 0.5569618055555556 0.6713136574074074 0.18034722222222221 0.09837962962962958
0 0.36243634259259255 0.6604456018518519 0.22881944444444446 0.1055787037037037
0 0.6041666666666667 0.7347222222222222 0.18818287037037038 0.10190972222222214
0 0.3970601851851852 0.7341435185185186 0.24431712962962965 0.089201388888889
0 0.7565914351851852 0.7316840277777777 0.20383101851851854 0.10584490740740744
0 0.5719791666666667 0.4376273148148148 0.23819444444444446 0.10606481481481485