0 0.4035358796296296 0.7699247685185185 0.405787037037037 0.19539351851851858
0 0.7553935185185185 0.7396701388888889 0.3012037037037036 0.16115740740740742
0 0.34633101851851855 0.6792766203703703 0.4898379629629629 0.19414351851851847
0 0.7575636574074075 0.5397106481481482 0.4133333333333333 0.2207638888888889
0 0.3788310185185185 0.44460648148148146 0.43549768518518517 0.16755787037037032
0 0.3993055555555555 0.5523206018518518 0.36938657407407405 0.15429398148148152
0 0.7433275462962963 0.3407233796296296 0.41230324074074076 0.17085648148148155
0 0.7309201388888888 0.22234375 0.3633796296296296 0.15861111111111104
0 0.745167824074074 0.4064409722222222 0.3766319444444445 0.1438194444444445
0 0.3750173611111111 0.21992476851851853 0.47892361111111104 0.16390046296296293
0 0.7361342592592592 0.6553935185185186 0.34304398148148146 0.18700231481481494
0 0.33505208333333336 0.3257349537037037 0.4672569444444445 0.1491898148148148