0 0.740625 0.8027777777777778 0.07989583333333332 0.21552083333333344
0 0.2652083333333334 0.7984722222222222 0.10197916666666665 0.19572916666666665
0 0.2660416666666666 0.6451388888888889 0.09395833333333332 0.19243055555555558
0 0.27203125000000006 0.4496701388888889 0.08687500000000004 0.22659722222222226
0 0.3322395833333333 0.7905729166666666 0.10031250000000007 0.1941319444444444
0 0.75 0.4156944444444445 0.08249999999999993 0.20777777777777792
0 0.5363541666666667 0.7919791666666667 0.09458333333333328 0.22520833333333315
0 0.6731770833333334 0.7934548611111112 0.09645833333333335 0.22993055555555558
0 0.32921875 0.6011631944444444 0.09614583333333329 0.20184027777777763
0 0.47062499999999996 0.7920833333333334 0.062291666666666676 0.23229166666666662
0 0.34229166666666666 0.4168055555555556 0.10104166666666661 0.20506944444444458
0 0.5516666666666666 0.6209722222222223 0.10687499999999997 0.2457638888888889
0 0.403125 0.6075 0.09104166666666665 0.19548611111111108
0 0.6608854166666667 0.6022743055555555 0.08666666666666671 0.22347222222222207
0 0.6114583333333334 0.6043055555555557 0.08197916666666671 0.2233680555555555
0 0.4103645833333333 0.7923090277777778 0.09135416666666671 0.223576388888889
0 0.67875 0.41645833333333326 0.10187500000000008 0.21756944444444457
0 0.46421875 0.5947743055555555 0.08406249999999993 0.2078125
0 0.5436458333333334 0.44788194444444446 0.07458333333333336 0.22944444444444442
0 0.6136979166666666 0.7936979166666667 0.10249999999999986 0.2269444444444444
0 0.41369791666666667 0.4254340277777778 0.08562499999999992 0.20784722222222224
0 0.60546875 0.41248263888888886 0.09145833333333328 0.20173611111111106
0 0.7336458333333333 0.6140625 0.10239583333333328 0.2253819444444444
0 0.47052083333333333 0.4180902777777778 0.08697916666666661 0.2047569444444445