0 0.2846238425925926 0.7068344907407408 0.17631944444444442 0.17942129629629627
0 0.3307523148148148 0.597013888888889 0.24474537037037036 0.13618055555555558
0 0.531244212962963 0.4266145833333333 0.21482638888888897 0.10471064814814816
0 0.3950925925925926 0.45451388888888894 0.3230787037037038 0.16488425925925937
0 0.46342592592592596 0.7222222222222222 0.21383101851851852 0.1812615740740741
0 0.5050636574074074 0.5858043981481481 0.17091435185185197 0.0825115740740742
0 0.7130497685185185 0.3529571759259259 0.20384259259259246 0.09837962962962968
0 0.5437557870370371 0.741568287037037 0.14763888888888896 0.10421296296296312
0 0.7038368055555556 0.4364872685185185 0.20210648148148155 0.0749305555555555
0 0.3255324074074074 0.3524305555555555 0.19271990740740746 0.07329861111111118
0 0.49471643518518515 0.5060358796296296 0.1926967592592593 0.07017361111111117
0 0.6783854166666666 0.7081886574074074 0.23206018518518512 0.1110879629629629
0 0.43063078703703705 0.2977372685185185 0.4037384259259259 0.08579861111111117
0 0.6947511574074074 0.5028298611111112 0.21611111111111114 0.06722222222222207
0 0.6856423611111111 0.5722974537037037 0.23803240740740747 0.07363425925925923
0 0.5293576388888889 0.3648784722222222 0.22086805555555564 0.0766319444444444
0 0.49142361111111105 0.6341435185185185 0.16597222222222213 0.048101851851851764
0 0.7237037037037037 0.2858449074074074 0.2003703703703703 0.05148148148148142
0 0.2799363425925926 0.4958506944444444 0.0925694444444444 0.05224537037037038
0 0.6656423611111111 0.6354340277777778 0.2223958333333334 0.0719560185185184
0 0.6833217592592593 0.7801041666666666 0.21615740740740746 0.07347222222222242
0 0.2646469907407408 0.4504224537037037 0.06601851851851848 0.053611111111111144
0 0.26844328703703707 0.78171875 0.09706018518518515 0.025717592592592632
0 0.24879629629629632 0.5862499999999999 0.0849768518518518 0.08187499999999996