0 0.34546875000000005 0.3904571759259259 0.2432291666666666 0.14780092592592595
0 0.29945601851851855 0.27543981481481483 0.17630787037037035 0.18174768518518522
0 0.5465798611111111 0.5508680555555555 0.21479166666666671 0.10478009259259266
0 0.4099768518518518 0.5392939814814814 0.3168749999999999 0.17810185185185184
0 0.4839236111111111 0.2574768518518519 0.21699074074074076 0.1907638888888889
0 0.5460763888888889 0.6188368055555555 0.2241203703703704 0.09880787037037031
0 0.7288541666666667 0.6181076388888889 0.2007407407407406 0.10592592592592602
0 0.5582696759259259 0.23809027777777775 0.1742592592592592 0.1160763888888889
0 0.33589120370370373 0.6289699074074073 0.19430555555555556 0.0807407407407407
0 0.5227430555555556 0.3945775462962963 0.16466435185185196 0.08611111111111107
0 0.5143576388888889 0.4721527777777778 0.1942824074074075 0.0776157407407407
0 0.7169386574074074 0.5395717592592593 0.2036574074074073 0.07789351851851851
0 0.7033391203703705 0.2665972222222222 0.2258101851851851 0.11604166666666664
0 0.44411458333333337 0.6757523148148148 0.4068634259259259 0.09484953703703702
0 0.684068287037037 0.33746527777777774 0.23337962962962955 0.08346064814814813
0 0.30029513888888887 0.4784953703703703 0.1003703703703703 0.05296296296296284
0 0.5051388888888889 0.34589120370370374 0.15818287037037032 0.05467592592592592
0 0.7024074074074075 0.3923784722222222 0.23956018518518524 0.07427083333333337
0 0.2811689814814815 0.5298321759259259 0.07541666666666665 0.05847222222222222
0 0.7368981481481482 0.6920717592592592 0.20034722222222215 0.05280092592592585
0 0.7030960648148149 0.19396412037037036 0.21929398148148138 0.0799189814814815
0 0.7103993055555555 0.47337384259259263 0.2176967592592593 0.07518518518518533
0 0.31213541666666667 0.5671875 0.1320601851851851 0.11326388888888897
0 0.5202546296296295 0.20328703703703704 0.09559027777777765 0.0403240740740741